  1   1 1.00
  1   2 0.82
  1   3 0.74
  1   4 0.77
  1   5 0.71
  1   6 0.61
  1   7 0.78
  1   8 0.56
  1   9 0.73
  1  10 0.52
  1  11 0.60
  1  12 0.74
  1  13 0.41
  1  14 0.72
  1  15 0.77
  1  16 0.74
  1  17 0.59
  1  18 0.76
  1  19 0.72
  1  20 0.68
  1  21 0.45
  1  22 0.63
  2   1 0.82
  2   2 1.00
  2   3 0.63
  2   4 0.73
  2   5 0.65
  2   6 0.57
  2   7 0.74
  2   8 0.50
  2   9 0.65
  2  10 0.47
  2  11 0.56
  2  12 0.72
  2  13 0.48
  2  14 0.63
  2  15 0.69
  2  16 0.64
  2  17 0.55
  2  18 0.63
  2  19 0.68
  2  20 0.63
  2  21 0.39
  2  22 0.59
  3   1 0.74
  3   2 0.63
  3   3 1.00
  3   4 0.69
  3   5 0.64
  3   6 0.66
  3   7 0.70
  3   8 0.62
  3   9 0.81
  3  10 0.57
  3  11 0.53
  3  12 0.67
  3  13 0.32
  3  14 0.81
  3  15 0.71
  3  16 0.78
  3  17 0.66
  3  18 0.73
  3  19 0.71
  3  20 0.64
  3  21 0.44
  3  22 0.60
  4   1 0.77
  4   2 0.73
  4   3 0.69
  4   4 1.00
  4   5 0.64
  4   6 0.66
  4   7 0.73
  4   8 0.61
  4   9 0.73
  4  10 0.54
  4  11 0.54
  4  12 0.74
  4  13 0.46
  4  14 0.74
  4  15 0.71
  4  16 0.74
  4  17 0.65
  4  18 0.65
  4  19 0.67
  4  20 0.70
  4  21 0.51
  4  22 0.72
  5   1 0.71
  5   2 0.65
  5   3 0.64
  5   4 0.64
  5   5 1.00
  5   6 0.61
  5   7 0.81
  5   8 0.59
  5   9 0.70
  5  10 0.62
  5  11 0.71
  5  12 0.69
  5  13 0.50
  5  14 0.65
  5  15 0.79
  5  16 0.64
  5  17 0.67
  5  18 0.72
  5  19 0.72
  5  20 0.67
  5  21 0.48
  5  22 0.72
  6   1 0.61
  6   2 0.57
  6   3 0.66
  6   4 0.66
  6   5 0.61
  6   6 1.00
  6   7 0.70
  6   8 0.64
  6   9 0.69
  6  10 0.60
  6  11 0.61
  6  12 0.70
  6  13 0.40
  6  14 0.74
  6  15 0.65
  6  16 0.74
  6  17 0.76
  6  18 0.67
  6  19 0.68
  6  20 0.79
  6  21 0.65
  6  22 0.61
  7   1 0.78
  7   2 0.74
  7   3 0.70
  7   4 0.73
  7   5 0.81
  7   6 0.70
  7   7 1.00
  7   8 0.63
  7   9 0.75
  7  10 0.59
  7  11 0.70
  7  12 0.73
  7  13 0.52
  7  14 0.70
  7  15 0.81
  7  16 0.69
  7  17 0.72
  7  18 0.78
  7  19 0.74
  7  20 0.74
  7  21 0.54
  7  22 0.71
  8   1 0.56
  8   2 0.50
  8   3 0.62
  8   4 0.61
  8   5 0.59
  8   6 0.64
  8   7 0.63
  8   8 1.00
  8   9 0.64
  8  10 0.65
  8  11 0.58
  8  12 0.66
  8  13 0.40
  8  14 0.66
  8  15 0.66
  8  16 0.63
  8  17 0.69
  8  18 0.59
  8  19 0.65
  8  20 0.64
  8  21 0.52
  8  22 0.51
  9   1 0.73
  9   2 0.65
  9   3 0.81
  9   4 0.73
  9   5 0.70
  9   6 0.69
  9   7 0.75
  9   8 0.64
  9   9 1.00
  9  10 0.59
  9  11 0.68
  9  12 0.67
  9  13 0.41
  9  14 0.85
  9  15 0.78
  9  16 0.76
  9  17 0.67
  9  18 0.81
  9  19 0.75
  9  20 0.68
  9  21 0.44
  9  22 0.65
 10   1 0.52
 10   2 0.47
 10   3 0.57
 10   4 0.54
 10   5 0.62
 10   6 0.60
 10   7 0.59
 10   8 0.65
 10   9 0.59
 10  10 1.00
 10  11 0.65
 10  12 0.60
 10  13 0.42
 10  14 0.56
 10  15 0.66
 10  16 0.61
 10  17 0.66
 10  18 0.56
 10  19 0.64
 10  20 0.62
 10  21 0.62
 10  22 0.50
 11   1 0.60
 11   2 0.56
 11   3 0.53
 11   4 0.54
 11   5 0.71
 11   6 0.61
 11   7 0.70
 11   8 0.58
 11   9 0.68
 11  10 0.65
 11  11 1.00
 11  12 0.65
 11  13 0.51
 11  14 0.61
 11  15 0.74
 11  16 0.57
 11  17 0.64
 11  18 0.69
 11  19 0.65
 11  20 0.66
 11  21 0.49
 11  22 0.54
 12   1 0.74
 12   2 0.72
 12   3 0.67
 12   4 0.74
 12   5 0.69
 12   6 0.70
 12   7 0.73
 12   8 0.66
 12   9 0.67
 12  10 0.60
 12  11 0.65
 12  12 1.00
 12  13 0.48
 12  14 0.67
 12  15 0.77
 12  16 0.77
 12  17 0.75
 12  18 0.65
 12  19 0.68
 12  20 0.71
 12  21 0.58
 12  22 0.60
 13   1 0.41
 13   2 0.48
 13   3 0.32
 13   4 0.46
 13   5 0.50
 13   6 0.40
 13   7 0.52
 13   8 0.40
 13   9 0.41
 13  10 0.42
 13  11 0.51
 13  12 0.48
 13  13 1.00
 13  14 0.38
 13  15 0.46
 13  16 0.41
 13  17 0.50
 13  18 0.41
 13  19 0.43
 13  20 0.45
 13  21 0.50
 13  22 0.53
 14   1 0.72
 14   2 0.63
 14   3 0.81
 14   4 0.74
 14   5 0.65
 14   6 0.74
 14   7 0.70
 14   8 0.66
 14   9 0.85
 14  10 0.56
 14  11 0.61
 14  12 0.67
 14  13 0.38
 14  14 1.00
 14  15 0.75
 14  16 0.79
 14  17 0.69
 14  18 0.74
 14  19 0.75
 14  20 0.73
 14  21 0.47
 14  22 0.64
 15   1 0.77
 15   2 0.69
 15   3 0.71
 15   4 0.71
 15   5 0.79
 15   6 0.65
 15   7 0.81
 15   8 0.66
 15   9 0.78
 15  10 0.66
 15  11 0.74
 15  12 0.77
 15  13 0.46
 15  14 0.75
 15  15 1.00
 15  16 0.75
 15  17 0.70
 15  18 0.78
 15  19 0.80
 15  20 0.73
 15  21 0.52
 15  22 0.69
 16   1 0.74
 16   2 0.64
 16   3 0.78
 16   4 0.74
 16   5 0.64
 16   6 0.74
 16   7 0.69
 16   8 0.63
 16   9 0.76
 16  10 0.61
 16  11 0.57
 16  12 0.77
 16  13 0.41
 16  14 0.79
 16  15 0.75
 16  16 1.00
 16  17 0.74
 16  18 0.72
 16  19 0.74
 16  20 0.72
 16  21 0.60
 16  22 0.64
 17   1 0.59
 17   2 0.55
 17   3 0.66
 17   4 0.65
 17   5 0.67
 17   6 0.76
 17   7 0.72
 17   8 0.69
 17   9 0.67
 17  10 0.66
 17  11 0.64
 17  12 0.75
 17  13 0.50
 17  14 0.69
 17  15 0.70
 17  16 0.74
 17  17 1.00
 17  18 0.66
 17  19 0.67
 17  20 0.70
 17  21 0.69
 17  22 0.64
 18   1 0.76
 18   2 0.63
 18   3 0.73
 18   4 0.65
 18   5 0.72
 18   6 0.67
 18   7 0.78
 18   8 0.59
 18   9 0.81
 18  10 0.56
 18  11 0.69
 18  12 0.65
 18  13 0.41
 18  14 0.74
 18  15 0.78
 18  16 0.72
 18  17 0.66
 18  18 1.00
 18  19 0.77
 18  20 0.68
 18  21 0.48
 18  22 0.62
 19   1 0.72
 19   2 0.68
 19   3 0.71
 19   4 0.67
 19   5 0.72
 19   6 0.68
 19   7 0.74
 19   8 0.65
 19   9 0.75
 19  10 0.64
 19  11 0.65
 19  12 0.68
 19  13 0.43
 19  14 0.75
 19  15 0.80
 19  16 0.74
 19  17 0.67
 19  18 0.77
 19  19 1.00
 19  20 0.72
 19  21 0.50
 19  22 0.64
 20   1 0.68
 20   2 0.63
 20   3 0.64
 20   4 0.70
 20   5 0.67
 20   6 0.79
 20   7 0.74
 20   8 0.64
 20   9 0.68
 20  10 0.62
 20  11 0.66
 20  12 0.71
 20  13 0.45
 20  14 0.73
 20  15 0.73
 20  16 0.72
 20  17 0.70
 20  18 0.68
 20  19 0.72
 20  20 1.00
 20  21 0.67
 20  22 0.67
 21   1 0.45
 21   2 0.39
 21   3 0.44
 21   4 0.51
 21   5 0.48
 21   6 0.65
 21   7 0.54
 21   8 0.52
 21   9 0.44
 21  10 0.62
 21  11 0.49
 21  12 0.58
 21  13 0.50
 21  14 0.47
 21  15 0.52
 21  16 0.60
 21  17 0.69
 21  18 0.48
 21  19 0.50
 21  20 0.67
 21  21 1.00
 21  22 0.59
 22   1 0.63
 22   2 0.59
 22   3 0.60
 22   4 0.72
 22   5 0.72
 22   6 0.61
 22   7 0.71
 22   8 0.51
 22   9 0.65
 22  10 0.50
 22  11 0.54
 22  12 0.60
 22  13 0.53
 22  14 0.64
 22  15 0.69
 22  16 0.64
 22  17 0.64
 22  18 0.62
 22  19 0.64
 22  20 0.67
 22  21 0.59
 22  22 1.00
