  1   1 1.00
  1   2 0.53
  1   3 0.54
  1   4 0.54
  1   5 0.61
  1   6 0.69
  1   7 0.76
  1   8 0.69
  1   9 0.69
  1  10 0.70
  1  11 0.61
  1  12 0.52
  1  13 0.65
  1  14 0.39
  1  15 0.59
  1  16 0.69
  1  17 0.66
  1  18 0.58
  1  19 0.49
  1  20 0.63
  1  21 0.52
  1  22 0.76
  2   1 0.53
  2   2 1.00
  2   3 0.60
  2   4 0.52
  2   5 0.45
  2   6 0.39
  2   7 0.57
  2   8 0.65
  2   9 0.44
  2  10 0.37
  2  11 0.34
  2  12 0.68
  2  13 0.26
  2  14 0.63
  2  15 0.78
  2  16 0.38
  2  17 0.44
  2  18 0.48
  2  19 0.55
  2  20 0.57
  2  21 0.23
  2  22 0.52
  3   1 0.54
  3   2 0.60
  3   3 1.00
  3   4 0.47
  3   5 0.65
  3   6 0.36
  3   7 0.55
  3   8 0.59
  3   9 0.63
  3  10 0.45
  3  11 0.30
  3  12 0.66
  3  13 0.27
  3  14 0.64
  3  15 0.68
  3  16 0.40
  3  17 0.31
  3  18 0.73
  3  19 0.57
  3  20 0.71
  3  21 0.29
  3  22 0.67
  4   1 0.54
  4   2 0.52
  4   3 0.47
  4   4 1.00
  4   5 0.46
  4   6 0.65
  4   7 0.67
  4   8 0.74
  4   9 0.37
  4  10 0.55
  4  11 0.50
  4  12 0.56
  4  13 0.39
  4  14 0.33
  4  15 0.66
  4  16 0.57
  4  17 0.78
  4  18 0.48
  4  19 0.57
  4  20 0.57
  4  21 0.25
  4  22 0.65
  5   1 0.61
  5   2 0.45
  5   3 0.65
  5   4 0.46
  5   5 1.00
  5   6 0.41
  5   7 0.67
  5   8 0.70
  5   9 0.57
  5  10 0.48
  5  11 0.35
  5  12 0.62
  5  13 0.33
  5  14 0.38
  5  15 0.54
  5  16 0.53
  5  17 0.42
  5  18 0.63
  5  19 0.43
  5  20 0.57
  5  21 0.18
  5  22 0.73
  6   1 0.69
  6   2 0.39
  6   3 0.36
  6   4 0.65
  6   5 0.41
  6   6 1.00
  6   7 0.73
  6   8 0.64
  6   9 0.54
  6  10 0.58
  6  11 0.78
  6  12 0.55
  6  13 0.70
  6  14 0.30
  6  15 0.49
  6  16 0.64
  6  17 0.74
  6  18 0.55
  6  19 0.64
  6  20 0.69
  6  21 0.40
  6  22 0.65
  7   1 0.76
  7   2 0.57
  7   3 0.55
  7   4 0.67
  7   5 0.67
  7   6 0.73
  7   7 1.00
  7   8 0.88
  7   9 0.66
  7  10 0.68
  7  11 0.64
  7  12 0.66
  7  13 0.51
  7  14 0.31
  7  15 0.72
  7  16 0.63
  7  17 0.72
  7  18 0.65
  7  19 0.67
  7  20 0.72
  7  21 0.41
  7  22 0.81
  8   1 0.69
  8   2 0.65
  8   3 0.59
  8   4 0.74
  8   5 0.70
  8   6 0.64
  8   7 0.88
  8   8 1.00
  8   9 0.54
  8  10 0.65
  8  11 0.51
  8  12 0.75
  8  13 0.36
  8  14 0.34
  8  15 0.83
  8  16 0.53
  8  17 0.72
  8  18 0.59
  8  19 0.69
  8  20 0.74
  8  21 0.29
  8  22 0.84
  9   1 0.69
  9   2 0.44
  9   3 0.63
  9   4 0.37
  9   5 0.57
  9   6 0.54
  9   7 0.66
  9   8 0.54
  9   9 1.00
  9  10 0.56
  9  11 0.54
  9  12 0.54
  9  13 0.59
  9  14 0.47
  9  15 0.50
  9  16 0.43
  9  17 0.43
  9  18 0.75
  9  19 0.61
  9  20 0.69
  9  21 0.63
  9  22 0.65
 10   1 0.70
 10   2 0.37
 10   3 0.45
 10   4 0.55
 10   5 0.48
 10   6 0.58
 10   7 0.68
 10   8 0.65
 10   9 0.56
 10  10 1.00
 10  11 0.58
 10  12 0.42
 10  13 0.60
 10  14 0.22
 10  15 0.46
 10  16 0.54
 10  17 0.63
 10  18 0.50
 10  19 0.50
 10  20 0.55
 10  21 0.48
 10  22 0.76
 11   1 0.61
 11   2 0.34
 11   3 0.30
 11   4 0.50
 11   5 0.35
 11   6 0.78
 11   7 0.64
 11   8 0.51
 11   9 0.54
 11  10 0.58
 11  11 1.00
 11  12 0.46
 11  13 0.73
 11  14 0.23
 11  15 0.38
 11  16 0.56
 11  17 0.62
 11  18 0.49
 11  19 0.54
 11  20 0.56
 11  21 0.57
 11  22 0.55
 12   1 0.52
 12   2 0.68
 12   3 0.66
 12   4 0.56
 12   5 0.62
 12   6 0.55
 12   7 0.66
 12   8 0.75
 12   9 0.54
 12  10 0.42
 12  11 0.46
 12  12 1.00
 12  13 0.29
 12  14 0.56
 12  15 0.77
 12  16 0.37
 12  17 0.46
 12  18 0.73
 12  19 0.78
 12  20 0.81
 12  21 0.21
 12  22 0.62
 13   1 0.65
 13   2 0.26
 13   3 0.27
 13   4 0.39
 13   5 0.33
 13   6 0.70
 13   7 0.51
 13   8 0.36
 13   9 0.59
 13  10 0.60
 13  11 0.73
 13  12 0.29
 13  13 1.00
 13  14 0.25
 13  15 0.23
 13  16 0.53
 13  17 0.56
 13  18 0.39
 13  19 0.36
 13  20 0.40
 13  21 0.69
 13  22 0.51
 14   1 0.39
 14   2 0.63
 14   3 0.64
 14   4 0.33
 14   5 0.38
 14   6 0.30
 14   7 0.31
 14   8 0.34
 14   9 0.47
 14  10 0.22
 14  11 0.23
 14  12 0.56
 14  13 0.25
 14  14 1.00
 14  15 0.47
 14  16 0.22
 14  17 0.25
 14  18 0.55
 14  19 0.44
 14  20 0.51
 14  21 0.17
 14  22 0.35
 15   1 0.59
 15   2 0.78
 15   3 0.68
 15   4 0.66
 15   5 0.54
 15   6 0.49
 15   7 0.72
 15   8 0.83
 15   9 0.50
 15  10 0.46
 15  11 0.38
 15  12 0.77
 15  13 0.23
 15  14 0.47
 15  15 1.00
 15  16 0.49
 15  17 0.51
 15  18 0.56
 15  19 0.71
 15  20 0.73
 15  21 0.22
 15  22 0.64
 16   1 0.69
 16   2 0.38
 16   3 0.40
 16   4 0.57
 16   5 0.53
 16   6 0.64
 16   7 0.63
 16   8 0.53
 16   9 0.43
 16  10 0.54
 16  11 0.56
 16  12 0.37
 16  13 0.53
 16  14 0.22
 16  15 0.49
 16  16 1.00
 16  17 0.55
 16  18 0.40
 16  19 0.33
 16  20 0.39
 16  21 0.37
 16  22 0.56
 17   1 0.66
 17   2 0.44
 17   3 0.31
 17   4 0.78
 17   5 0.42
 17   6 0.74
 17   7 0.72
 17   8 0.72
 17   9 0.43
 17  10 0.63
 17  11 0.62
 17  12 0.46
 17  13 0.56
 17  14 0.25
 17  15 0.51
 17  16 0.55
 17  17 1.00
 17  18 0.46
 17  19 0.56
 17  20 0.55
 17  21 0.37
 17  22 0.70
 18   1 0.58
 18   2 0.48
 18   3 0.73
 18   4 0.48
 18   5 0.63
 18   6 0.55
 18   7 0.65
 18   8 0.59
 18   9 0.75
 18  10 0.50
 18  11 0.49
 18  12 0.73
 18  13 0.39
 18  14 0.55
 18  15 0.56
 18  16 0.40
 18  17 0.46
 18  18 1.00
 18  19 0.72
 18  20 0.80
 18  21 0.28
 18  22 0.68
 19   1 0.49
 19   2 0.55
 19   3 0.57
 19   4 0.57
 19   5 0.43
 19   6 0.64
 19   7 0.67
 19   8 0.69
 19   9 0.61
 19  10 0.50
 19  11 0.54
 19  12 0.78
 19  13 0.36
 19  14 0.44
 19  15 0.71
 19  16 0.33
 19  17 0.56
 19  18 0.72
 19  19 1.00
 19  20 0.87
 19  21 0.33
 19  22 0.59
 20   1 0.63
 20   2 0.57
 20   3 0.71
 20   4 0.57
 20   5 0.57
 20   6 0.69
 20   7 0.72
 20   8 0.74
 20   9 0.69
 20  10 0.55
 20  11 0.56
 20  12 0.81
 20  13 0.40
 20  14 0.51
 20  15 0.73
 20  16 0.39
 20  17 0.55
 20  18 0.80
 20  19 0.87
 20  20 1.00
 20  21 0.31
 20  22 0.74
 21   1 0.52
 21   2 0.23
 21   3 0.29
 21   4 0.25
 21   5 0.18
 21   6 0.40
 21   7 0.41
 21   8 0.29
 21   9 0.63
 21  10 0.48
 21  11 0.57
 21  12 0.21
 21  13 0.69
 21  14 0.17
 21  15 0.22
 21  16 0.37
 21  17 0.37
 21  18 0.28
 21  19 0.33
 21  20 0.31
 21  21 1.00
 21  22 0.38
 22   1 0.76
 22   2 0.52
 22   3 0.67
 22   4 0.65
 22   5 0.73
 22   6 0.65
 22   7 0.81
 22   8 0.84
 22   9 0.65
 22  10 0.76
 22  11 0.55
 22  12 0.62
 22  13 0.51
 22  14 0.35
 22  15 0.64
 22  16 0.56
 22  17 0.70
 22  18 0.68
 22  19 0.59
 22  20 0.74
 22  21 0.38
 22  22 1.00
