  1   1 1.00
  1   2 0.50
  1   3 0.28
  1   4 0.56
  1   5 0.63
  1   6 0.28
  1   7 0.48
  1   8 0.44
  1   9 0.45
  1  10 0.55
  1  11 0.49
  1  12 0.49
  1  13 0.41
  1  14 0.34
  1  15 0.30
  1  16 0.69
  1  17 0.52
  1  18 0.46
  1  19 0.27
  1  20 0.40
  1  21 0.78
  1  22 0.37
  2   1 0.50
  2   2 1.00
  2   3 0.28
  2   4 0.40
  2   5 0.53
  2   6 0.42
  2   7 0.57
  2   8 0.71
  2   9 0.52
  2  10 0.66
  2  11 0.39
  2  12 0.47
  2  13 0.38
  2  14 0.44
  2  15 0.40
  2  16 0.54
  2  17 0.48
  2  18 0.48
  2  19 0.51
  2  20 0.46
  2  21 0.47
  2  22 0.46
  3   1 0.28
  3   2 0.28
  3   3 1.00
  3   4 0.34
  3   5 0.30
  3   6 0.59
  3   7 0.51
  3   8 0.63
  3   9 0.33
  3  10 0.48
  3  11 0.30
  3  12 0.41
  3  13 0.24
  3  14 0.45
  3  15 0.66
  3  16 0.38
  3  17 0.42
  3  18 0.60
  3  19 0.53
  3  20 0.57
  3  21 0.28
  3  22 0.51
  4   1 0.56
  4   2 0.40
  4   3 0.34
  4   4 1.00
  4   5 0.70
  4   6 0.30
  4   7 0.66
  4   8 0.47
  4   9 0.45
  4  10 0.64
  4  11 0.45
  4  12 0.46
  4  13 0.43
  4  14 0.51
  4  15 0.43
  4  16 0.58
  4  17 0.53
  4  18 0.57
  4  19 0.29
  4  20 0.52
  4  21 0.47
  4  22 0.50
  5   1 0.63
  5   2 0.53
  5   3 0.30
  5   4 0.70
  5   5 1.00
  5   6 0.28
  5   7 0.67
  5   8 0.54
  5   9 0.47
  5  10 0.74
  5  11 0.44
  5  12 0.61
  5  13 0.35
  5  14 0.59
  5  15 0.43
  5  16 0.64
  5  17 0.69
  5  18 0.62
  5  19 0.40
  5  20 0.58
  5  21 0.50
  5  22 0.60
  6   1 0.28
  6   2 0.42
  6   3 0.59
  6   4 0.30
  6   5 0.28
  6   6 1.00
  6   7 0.52
  6   8 0.66
  6   9 0.33
  6  10 0.46
  6  11 0.27
  6  12 0.42
  6  13 0.33
  6  14 0.36
  6  15 0.59
  6  16 0.34
  6  17 0.35
  6  18 0.47
  6  19 0.56
  6  20 0.50
  6  21 0.30
  6  22 0.43
  7   1 0.48
  7   2 0.57
  7   3 0.51
  7   4 0.66
  7   5 0.67
  7   6 0.52
  7   7 1.00
  7   8 0.70
  7   9 0.62
  7  10 0.80
  7  11 0.47
  7  12 0.64
  7  13 0.41
  7  14 0.71
  7  15 0.57
  7  16 0.65
  7  17 0.62
  7  18 0.70
  7  19 0.58
  7  20 0.65
  7  21 0.49
  7  22 0.57
  8   1 0.44
  8   2 0.71
  8   3 0.63
  8   4 0.47
  8   5 0.54
  8   6 0.66
  8   7 0.70
  8   8 1.00
  8   9 0.47
  8  10 0.69
  8  11 0.43
  8  12 0.53
  8  13 0.45
  8  14 0.49
  8  15 0.67
  8  16 0.55
  8  17 0.55
  8  18 0.65
  8  19 0.60
  8  20 0.63
  8  21 0.44
  8  22 0.61
  9   1 0.45
  9   2 0.52
  9   3 0.33
  9   4 0.45
  9   5 0.47
  9   6 0.33
  9   7 0.62
  9   8 0.47
  9   9 1.00
  9  10 0.69
  9  11 0.31
  9  12 0.38
  9  13 0.31
  9  14 0.72
  9  15 0.33
  9  16 0.66
  9  17 0.45
  9  18 0.56
  9  19 0.67
  9  20 0.48
  9  21 0.54
  9  22 0.44
 10   1 0.55
 10   2 0.66
 10   3 0.48
 10   4 0.64
 10   5 0.74
 10   6 0.46
 10   7 0.80
 10   8 0.69
 10   9 0.69
 10  10 1.00
 10  11 0.50
 10  12 0.62
 10  13 0.46
 10  14 0.73
 10  15 0.59
 10  16 0.73
 10  17 0.71
 10  18 0.76
 10  19 0.64
 10  20 0.70
 10  21 0.55
 10  22 0.67
 11   1 0.49
 11   2 0.39
 11   3 0.30
 11   4 0.45
 11   5 0.44
 11   6 0.27
 11   7 0.47
 11   8 0.43
 11   9 0.31
 11  10 0.50
 11  11 1.00
 11  12 0.43
 11  13 0.62
 11  14 0.28
 11  15 0.35
 11  16 0.51
 11  17 0.47
 11  18 0.40
 11  19 0.22
 11  20 0.38
 11  21 0.45
 11  22 0.35
 12   1 0.49
 12   2 0.47
 12   3 0.41
 12   4 0.46
 12   5 0.61
 12   6 0.42
 12   7 0.64
 12   8 0.53
 12   9 0.38
 12  10 0.62
 12  11 0.43
 12  12 1.00
 12  13 0.30
 12  14 0.50
 12  15 0.48
 12  16 0.46
 12  17 0.61
 12  18 0.58
 12  19 0.45
 12  20 0.58
 12  21 0.41
 12  22 0.51
 13   1 0.41
 13   2 0.38
 13   3 0.24
 13   4 0.43
 13   5 0.35
 13   6 0.33
 13   7 0.41
 13   8 0.45
 13   9 0.31
 13  10 0.46
 13  11 0.62
 13  12 0.30
 13  13 1.00
 13  14 0.27
 13  15 0.36
 13  16 0.47
 13  17 0.40
 13  18 0.36
 13  19 0.17
 13  20 0.32
 13  21 0.42
 13  22 0.32
 14   1 0.34
 14   2 0.44
 14   3 0.45
 14   4 0.51
 14   5 0.59
 14   6 0.36
 14   7 0.71
 14   8 0.49
 14   9 0.72
 14  10 0.73
 14  11 0.28
 14  12 0.50
 14  13 0.27
 14  14 1.00
 14  15 0.42
 14  16 0.55
 14  17 0.52
 14  18 0.65
 14  19 0.64
 14  20 0.54
 14  21 0.39
 14  22 0.51
 15   1 0.30
 15   2 0.40
 15   3 0.66
 15   4 0.43
 15   5 0.43
 15   6 0.59
 15   7 0.57
 15   8 0.67
 15   9 0.33
 15  10 0.59
 15  11 0.35
 15  12 0.48
 15  13 0.36
 15  14 0.42
 15  15 1.00
 15  16 0.42
 15  17 0.57
 15  18 0.68
 15  19 0.50
 15  20 0.72
 15  21 0.31
 15  22 0.61
 16   1 0.69
 16   2 0.54
 16   3 0.38
 16   4 0.58
 16   5 0.64
 16   6 0.34
 16   7 0.65
 16   8 0.55
 16   9 0.66
 16  10 0.73
 16  11 0.51
 16  12 0.46
 16  13 0.47
 16  14 0.55
 16  15 0.42
 16  16 1.00
 16  17 0.56
 16  18 0.62
 16  19 0.44
 16  20 0.55
 16  21 0.76
 16  22 0.55
 17   1 0.52
 17   2 0.48
 17   3 0.42
 17   4 0.53
 17   5 0.69
 17   6 0.35
 17   7 0.62
 17   8 0.55
 17   9 0.45
 17  10 0.71
 17  11 0.47
 17  12 0.61
 17  13 0.40
 17  14 0.52
 17  15 0.57
 17  16 0.56
 17  17 1.00
 17  18 0.66
 17  19 0.45
 17  20 0.69
 17  21 0.49
 17  22 0.65
 18   1 0.46
 18   2 0.48
 18   3 0.60
 18   4 0.57
 18   5 0.62
 18   6 0.47
 18   7 0.70
 18   8 0.65
 18   9 0.56
 18  10 0.76
 18  11 0.40
 18  12 0.58
 18  13 0.36
 18  14 0.65
 18  15 0.68
 18  16 0.62
 18  17 0.66
 18  18 1.00
 18  19 0.60
 18  20 0.82
 18  21 0.45
 18  22 0.78
 19   1 0.27
 19   2 0.51
 19   3 0.53
 19   4 0.29
 19   5 0.40
 19   6 0.56
 19   7 0.58
 19   8 0.60
 19   9 0.67
 19  10 0.64
 19  11 0.22
 19  12 0.45
 19  13 0.17
 19  14 0.64
 19  15 0.50
 19  16 0.44
 19  17 0.45
 19  18 0.60
 19  19 1.00
 19  20 0.63
 19  21 0.35
 19  22 0.57
 20   1 0.40
 20   2 0.46
 20   3 0.57
 20   4 0.52
 20   5 0.58
 20   6 0.50
 20   7 0.65
 20   8 0.63
 20   9 0.48
 20  10 0.70
 20  11 0.38
 20  12 0.58
 20  13 0.32
 20  14 0.54
 20  15 0.72
 20  16 0.55
 20  17 0.69
 20  18 0.82
 20  19 0.63
 20  20 1.00
 20  21 0.43
 20  22 0.86
 21   1 0.78
 21   2 0.47
 21   3 0.28
 21   4 0.47
 21   5 0.50
 21   6 0.30
 21   7 0.49
 21   8 0.44
 21   9 0.54
 21  10 0.55
 21  11 0.45
 21  12 0.41
 21  13 0.42
 21  14 0.39
 21  15 0.31
 21  16 0.76
 21  17 0.49
 21  18 0.45
 21  19 0.35
 21  20 0.43
 21  21 1.00
 21  22 0.39
 22   1 0.37
 22   2 0.46
 22   3 0.51
 22   4 0.50
 22   5 0.60
 22   6 0.43
 22   7 0.57
 22   8 0.61
 22   9 0.44
 22  10 0.67
 22  11 0.35
 22  12 0.51
 22  13 0.32
 22  14 0.51
 22  15 0.61
 22  16 0.55
 22  17 0.65
 22  18 0.78
 22  19 0.57
 22  20 0.86
 22  21 0.39
 22  22 1.00
