  1   1 1.00
  1   2 0.77
  1   3 0.80
  1   4 0.67
  1   5 0.78
  1   6 0.70
  1   7 0.78
  1   8 0.52
  1   9 0.63
  1  10 0.73
  1  11 0.72
  1  12 0.54
  1  13 0.31
  1  14 0.72
  1  15 0.68
  1  16 0.75
  1  17 0.56
  1  18 0.61
  1  19 0.57
  1  20 0.72
  1  21 0.38
  1  22 0.65
  2   1 0.77
  2   2 1.00
  2   3 0.73
  2   4 0.62
  2   5 0.77
  2   6 0.65
  2   7 0.64
  2   8 0.49
  2   9 0.52
  2  10 0.76
  2  11 0.70
  2  12 0.54
  2  13 0.23
  2  14 0.70
  2  15 0.67
  2  16 0.68
  2  17 0.52
  2  18 0.50
  2  19 0.62
  2  20 0.76
  2  21 0.32
  2  22 0.74
  3   1 0.80
  3   2 0.73
  3   3 1.00
  3   4 0.67
  3   5 0.79
  3   6 0.72
  3   7 0.75
  3   8 0.54
  3   9 0.65
  3  10 0.76
  3  11 0.71
  3  12 0.62
  3  13 0.35
  3  14 0.70
  3  15 0.71
  3  16 0.75
  3  17 0.61
  3  18 0.64
  3  19 0.56
  3  20 0.77
  3  21 0.40
  3  22 0.70
  4   1 0.67
  4   2 0.62
  4   3 0.67
  4   4 1.00
  4   5 0.68
  4   6 0.63
  4   7 0.66
  4   8 0.54
  4   9 0.59
  4  10 0.69
  4  11 0.74
  4  12 0.69
  4  13 0.37
  4  14 0.63
  4  15 0.66
  4  16 0.68
  4  17 0.61
  4  18 0.60
  4  19 0.58
  4  20 0.62
  4  21 0.44
  4  22 0.62
  5   1 0.78
  5   2 0.77
  5   3 0.79
  5   4 0.68
  5   5 1.00
  5   6 0.66
  5   7 0.70
  5   8 0.54
  5   9 0.63
  5  10 0.72
  5  11 0.77
  5  12 0.63
  5  13 0.33
  5  14 0.69
  5  15 0.73
  5  16 0.77
  5  17 0.63
  5  18 0.68
  5  19 0.65
  5  20 0.76
  5  21 0.47
  5  22 0.75
  6   1 0.70
  6   2 0.65
  6   3 0.72
  6   4 0.63
  6   5 0.66
  6   6 1.00
  6   7 0.72
  6   8 0.43
  6   9 0.61
  6  10 0.76
  6  11 0.64
  6  12 0.54
  6  13 0.37
  6  14 0.83
  6  15 0.66
  6  16 0.64
  6  17 0.61
  6  18 0.63
  6  19 0.55
  6  20 0.67
  6  21 0.39
  6  22 0.67
  7   1 0.78
  7   2 0.64
  7   3 0.75
  7   4 0.66
  7   5 0.70
  7   6 0.72
  7   7 1.00
  7   8 0.48
  7   9 0.70
  7  10 0.70
  7  11 0.68
  7  12 0.52
  7  13 0.36
  7  14 0.68
  7  15 0.65
  7  16 0.69
  7  17 0.63
  7  18 0.66
  7  19 0.56
  7  20 0.69
  7  21 0.47
  7  22 0.65
  8   1 0.52
  8   2 0.49
  8   3 0.54
  8   4 0.54
  8   5 0.54
  8   6 0.43
  8   7 0.48
  8   8 1.00
  8   9 0.43
  8  10 0.53
  8  11 0.48
  8  12 0.50
  8  13 0.36
  8  14 0.41
  8  15 0.54
  8  16 0.55
  8  17 0.58
  8  18 0.49
  8  19 0.51
  8  20 0.59
  8  21 0.32
  8  22 0.61
  9   1 0.63
  9   2 0.52
  9   3 0.65
  9   4 0.59
  9   5 0.63
  9   6 0.61
  9   7 0.70
  9   8 0.43
  9   9 1.00
  9  10 0.63
  9  11 0.58
  9  12 0.51
  9  13 0.50
  9  14 0.59
  9  15 0.66
  9  16 0.62
  9  17 0.62
  9  18 0.64
  9  19 0.46
  9  20 0.67
  9  21 0.55
  9  22 0.62
 10   1 0.73
 10   2 0.76
 10   3 0.76
 10   4 0.69
 10   5 0.72
 10   6 0.76
 10   7 0.70
 10   8 0.53
 10   9 0.63
 10  10 1.00
 10  11 0.67
 10  12 0.59
 10  13 0.37
 10  14 0.69
 10  15 0.70
 10  16 0.69
 10  17 0.64
 10  18 0.59
 10  19 0.56
 10  20 0.76
 10  21 0.37
 10  22 0.72
 11   1 0.72
 11   2 0.70
 11   3 0.71
 11   4 0.74
 11   5 0.77
 11   6 0.64
 11   7 0.68
 11   8 0.48
 11   9 0.58
 11  10 0.67
 11  11 1.00
 11  12 0.72
 11  13 0.32
 11  14 0.68
 11  15 0.70
 11  16 0.76
 11  17 0.53
 11  18 0.67
 11  19 0.73
 11  20 0.65
 11  21 0.42
 11  22 0.65
 12   1 0.54
 12   2 0.54
 12   3 0.62
 12   4 0.69
 12   5 0.63
 12   6 0.54
 12   7 0.52
 12   8 0.50
 12   9 0.51
 12  10 0.59
 12  11 0.72
 12  12 1.00
 12  13 0.36
 12  14 0.53
 12  15 0.63
 12  16 0.65
 12  17 0.56
 12  18 0.57
 12  19 0.63
 12  20 0.64
 12  21 0.42
 12  22 0.63
 13   1 0.31
 13   2 0.23
 13   3 0.35
 13   4 0.37
 13   5 0.33
 13   6 0.37
 13   7 0.36
 13   8 0.36
 13   9 0.50
 13  10 0.37
 13  11 0.32
 13  12 0.36
 13  13 1.00
 13  14 0.34
 13  15 0.41
 13  16 0.36
 13  17 0.48
 13  18 0.40
 13  19 0.27
 13  20 0.37
 13  21 0.34
 13  22 0.33
 14   1 0.72
 14   2 0.70
 14   3 0.70
 14   4 0.63
 14   5 0.69
 14   6 0.83
 14   7 0.68
 14   8 0.41
 14   9 0.59
 14  10 0.69
 14  11 0.68
 14  12 0.53
 14  13 0.34
 14  14 1.00
 14  15 0.66
 14  16 0.64
 14  17 0.57
 14  18 0.56
 14  19 0.56
 14  20 0.62
 14  21 0.37
 14  22 0.63
 15   1 0.68
 15   2 0.67
 15   3 0.71
 15   4 0.66
 15   5 0.73
 15   6 0.66
 15   7 0.65
 15   8 0.54
 15   9 0.66
 15  10 0.70
 15  11 0.70
 15  12 0.63
 15  13 0.41
 15  14 0.66
 15  15 1.00
 15  16 0.71
 15  17 0.67
 15  18 0.64
 15  19 0.60
 15  20 0.71
 15  21 0.61
 15  22 0.67
 16   1 0.75
 16   2 0.68
 16   3 0.75
 16   4 0.68
 16   5 0.77
 16   6 0.64
 16   7 0.69
 16   8 0.55
 16   9 0.62
 16  10 0.69
 16  11 0.76
 16  12 0.65
 16  13 0.36
 16  14 0.64
 16  15 0.71
 16  16 1.00
 16  17 0.58
 16  18 0.71
 16  19 0.62
 16  20 0.73
 16  21 0.39
 16  22 0.66
 17   1 0.56
 17   2 0.52
 17   3 0.61
 17   4 0.61
 17   5 0.63
 17   6 0.61
 17   7 0.63
 17   8 0.58
 17   9 0.62
 17  10 0.64
 17  11 0.53
 17  12 0.56
 17  13 0.48
 17  14 0.57
 17  15 0.67
 17  16 0.58
 17  17 1.00
 17  18 0.67
 17  19 0.45
 17  20 0.68
 17  21 0.51
 17  22 0.61
 18   1 0.61
 18   2 0.50
 18   3 0.64
 18   4 0.60
 18   5 0.68
 18   6 0.63
 18   7 0.66
 18   8 0.49
 18   9 0.64
 18  10 0.59
 18  11 0.67
 18  12 0.57
 18  13 0.40
 18  14 0.56
 18  15 0.64
 18  16 0.71
 18  17 0.67
 18  18 1.00
 18  19 0.53
 18  20 0.66
 18  21 0.49
 18  22 0.60
 19   1 0.57
 19   2 0.62
 19   3 0.56
 19   4 0.58
 19   5 0.65
 19   6 0.55
 19   7 0.56
 19   8 0.51
 19   9 0.46
 19  10 0.56
 19  11 0.73
 19  12 0.63
 19  13 0.27
 19  14 0.56
 19  15 0.60
 19  16 0.62
 19  17 0.45
 19  18 0.53
 19  19 1.00
 19  20 0.63
 19  21 0.33
 19  22 0.66
 20   1 0.72
 20   2 0.76
 20   3 0.77
 20   4 0.62
 20   5 0.76
 20   6 0.67
 20   7 0.69
 20   8 0.59
 20   9 0.67
 20  10 0.76
 20  11 0.65
 20  12 0.64
 20  13 0.37
 20  14 0.62
 20  15 0.71
 20  16 0.73
 20  17 0.68
 20  18 0.66
 20  19 0.63
 20  20 1.00
 20  21 0.44
 20  22 0.80
 21   1 0.38
 21   2 0.32
 21   3 0.40
 21   4 0.44
 21   5 0.47
 21   6 0.39
 21   7 0.47
 21   8 0.32
 21   9 0.55
 21  10 0.37
 21  11 0.42
 21  12 0.42
 21  13 0.34
 21  14 0.37
 21  15 0.61
 21  16 0.39
 21  17 0.51
 21  18 0.49
 21  19 0.33
 21  20 0.44
 21  21 1.00
 21  22 0.45
 22   1 0.65
 22   2 0.74
 22   3 0.70
 22   4 0.62
 22   5 0.75
 22   6 0.67
 22   7 0.65
 22   8 0.61
 22   9 0.62
 22  10 0.72
 22  11 0.65
 22  12 0.63
 22  13 0.33
 22  14 0.63
 22  15 0.67
 22  16 0.66
 22  17 0.61
 22  18 0.60
 22  19 0.66
 22  20 0.80
 22  21 0.45
 22  22 1.00
