  1   1 1.00
  1   2 0.35
  1   3 0.53
  1   4 0.25
  1   5 0.43
  1   6 0.37
  1   7 0.48
  1   8 0.32
  1   9 0.48
  1  10 0.21
  1  11 0.19
  1  12 0.46
  1  13 0.34
  1  14 0.33
  1  15 0.19
  1  16 0.62
  1  17 0.37
  1  18 0.68
  1  19 0.41
  1  20 0.23
  1  21 0.10
  1  22 0.56
  2   1 0.35
  2   2 1.00
  2   3 0.65
  2   4 0.48
  2   5 0.65
  2   6 0.19
  2   7 0.65
  2   8 0.73
  2   9 0.43
  2  10 0.47
  2  11 0.41
  2  12 0.72
  2  13 0.55
  2  14 0.41
  2  15 0.62
  2  16 0.51
  2  17 0.84
  2  18 0.14
  2  19 0.61
  2  20 0.29
  2  21 0.15
  2  22 0.64
  3   1 0.53
  3   2 0.65
  3   3 1.00
  3   4 0.53
  3   5 0.66
  3   6 0.34
  3   7 0.64
  3   8 0.65
  3   9 0.68
  3  10 0.46
  3  11 0.49
  3  12 0.66
  3  13 0.57
  3  14 0.60
  3  15 0.47
  3  16 0.61
  3  17 0.66
  3  18 0.33
  3  19 0.67
  3  20 0.42
  3  21 0.16
  3  22 0.67
  4   1 0.25
  4   2 0.48
  4   3 0.53
  4   4 1.00
  4   5 0.47
  4   6 0.25
  4   7 0.57
  4   8 0.60
  4   9 0.43
  4  10 0.29
  4  11 0.68
  4  12 0.51
  4  13 0.51
  4  14 0.40
  4  15 0.44
  4  16 0.35
  4  17 0.54
  4  18 0.23
  4  19 0.60
  4  20 0.27
  4  21 0.17
  4  22 0.44
  5   1 0.43
  5   2 0.65
  5   3 0.66
  5   4 0.47
  5   5 1.00
  5   6 0.21
  5   7 0.70
  5   8 0.58
  5   9 0.43
  5  10 0.37
  5  11 0.39
  5  12 0.62
  5  13 0.56
  5  14 0.35
  5  15 0.41
  5  16 0.59
  5  17 0.69
  5  18 0.21
  5  19 0.63
  5  20 0.24
  5  21 0.20
  5  22 0.55
  6   1 0.37
  6   2 0.19
  6   3 0.34
  6   4 0.25
  6   5 0.21
  6   6 1.00
  6   7 0.24
  6   8 0.25
  6   9 0.32
  6  10 0.14
  6  11 0.20
  6  12 0.28
  6  13 0.18
  6  14 0.23
  6  15 0.17
  6  16 0.25
  6  17 0.21
  6  18 0.40
  6  19 0.23
  6  20 0.26
  6  21 0.05
  6  22 0.32
  7   1 0.48
  7   2 0.65
  7   3 0.64
  7   4 0.57
  7   5 0.70
  7   6 0.24
  7   7 1.00
  7   8 0.56
  7   9 0.42
  7  10 0.39
  7  11 0.49
  7  12 0.83
  7  13 0.55
  7  14 0.41
  7  15 0.43
  7  16 0.65
  7  17 0.76
  7  18 0.34
  7  19 0.64
  7  20 0.23
  7  21 0.14
  7  22 0.66
  8   1 0.32
  8   2 0.73
  8   3 0.65
  8   4 0.60
  8   5 0.58
  8   6 0.25
  8   7 0.56
  8   8 1.00
  8   9 0.54
  8  10 0.58
  8  11 0.58
  8  12 0.61
  8  13 0.67
  8  14 0.50
  8  15 0.66
  8  16 0.44
  8  17 0.65
  8  18 0.23
  8  19 0.71
  8  20 0.36
  8  21 0.16
  8  22 0.52
  9   1 0.48
  9   2 0.43
  9   3 0.68
  9   4 0.43
  9   5 0.43
  9   6 0.32
  9   7 0.42
  9   8 0.54
  9   9 1.00
  9  10 0.47
  9  11 0.35
  9  12 0.48
  9  13 0.48
  9  14 0.60
  9  15 0.47
  9  16 0.44
  9  17 0.47
  9  18 0.36
  9  19 0.54
  9  20 0.48
  9  21 0.13
  9  22 0.51
 10   1 0.21
 10   2 0.47
 10   3 0.46
 10   4 0.29
 10   5 0.37
 10   6 0.14
 10   7 0.39
 10   8 0.58
 10   9 0.47
 10  10 1.00
 10  11 0.38
 10  12 0.46
 10  13 0.41
 10  14 0.62
 10  15 0.65
 10  16 0.31
 10  17 0.42
 10  18 0.14
 10  19 0.48
 10  20 0.66
 10  21 0.15
 10  22 0.32
 11   1 0.19
 11   2 0.41
 11   3 0.49
 11   4 0.68
 11   5 0.39
 11   6 0.20
 11   7 0.49
 11   8 0.58
 11   9 0.35
 11  10 0.38
 11  11 1.00
 11  12 0.46
 11  13 0.57
 11  14 0.34
 11  15 0.43
 11  16 0.28
 11  17 0.43
 11  18 0.23
 11  19 0.55
 11  20 0.26
 11  21 0.24
 11  22 0.34
 12   1 0.46
 12   2 0.72
 12   3 0.66
 12   4 0.51
 12   5 0.62
 12   6 0.28
 12   7 0.83
 12   8 0.61
 12   9 0.48
 12  10 0.46
 12  11 0.46
 12  12 1.00
 12  13 0.48
 12  14 0.49
 12  15 0.54
 12  16 0.68
 12  17 0.78
 12  18 0.30
 12  19 0.57
 12  20 0.30
 12  21 0.13
 12  22 0.76
 13   1 0.34
 13   2 0.55
 13   3 0.57
 13   4 0.51
 13   5 0.56
 13   6 0.18
 13   7 0.55
 13   8 0.67
 13   9 0.48
 13  10 0.41
 13  11 0.57
 13  12 0.48
 13  13 1.00
 13  14 0.39
 13  15 0.43
 13  16 0.45
 13  17 0.53
 13  18 0.36
 13  19 0.73
 13  20 0.23
 13  21 0.13
 13  22 0.40
 14   1 0.33
 14   2 0.41
 14   3 0.60
 14   4 0.40
 14   5 0.35
 14   6 0.23
 14   7 0.41
 14   8 0.50
 14   9 0.60
 14  10 0.62
 14  11 0.34
 14  12 0.49
 14  13 0.39
 14  14 1.00
 14  15 0.59
 14  16 0.39
 14  17 0.41
 14  18 0.25
 14  19 0.55
 14  20 0.65
 14  21 0.11
 14  22 0.40
 15   1 0.19
 15   2 0.62
 15   3 0.47
 15   4 0.44
 15   5 0.41
 15   6 0.17
 15   7 0.43
 15   8 0.66
 15   9 0.47
 15  10 0.65
 15  11 0.43
 15  12 0.54
 15  13 0.43
 15  14 0.59
 15  15 1.00
 15  16 0.27
 15  17 0.55
 15  18 0.13
 15  19 0.50
 15  20 0.44
 15  21 0.20
 15  22 0.40
 16   1 0.62
 16   2 0.51
 16   3 0.61
 16   4 0.35
 16   5 0.59
 16   6 0.25
 16   7 0.65
 16   8 0.44
 16   9 0.44
 16  10 0.31
 16  11 0.28
 16  12 0.68
 16  13 0.45
 16  14 0.39
 16  15 0.27
 16  16 1.00
 16  17 0.56
 16  18 0.41
 16  19 0.55
 16  20 0.22
 16  21 0.12
 16  22 0.73
 17   1 0.37
 17   2 0.84
 17   3 0.66
 17   4 0.54
 17   5 0.69
 17   6 0.21
 17   7 0.76
 17   8 0.65
 17   9 0.47
 17  10 0.42
 17  11 0.43
 17  12 0.78
 17  13 0.53
 17  14 0.41
 17  15 0.55
 17  16 0.56
 17  17 1.00
 17  18 0.22
 17  19 0.60
 17  20 0.27
 17  21 0.16
 17  22 0.65
 18   1 0.68
 18   2 0.14
 18   3 0.33
 18   4 0.23
 18   5 0.21
 18   6 0.40
 18   7 0.34
 18   8 0.23
 18   9 0.36
 18  10 0.14
 18  11 0.23
 18  12 0.30
 18  13 0.36
 18  14 0.25
 18  15 0.13
 18  16 0.41
 18  17 0.22
 18  18 1.00
 18  19 0.38
 18  20 0.24
 18  21 0.05
 18  22 0.35
 19   1 0.41
 19   2 0.61
 19   3 0.67
 19   4 0.60
 19   5 0.63
 19   6 0.23
 19   7 0.64
 19   8 0.71
 19   9 0.54
 19  10 0.48
 19  11 0.55
 19  12 0.57
 19  13 0.73
 19  14 0.55
 19  15 0.50
 19  16 0.55
 19  17 0.60
 19  18 0.38
 19  19 1.00
 19  20 0.41
 19  21 0.14
 19  22 0.54
 20   1 0.23
 20   2 0.29
 20   3 0.42
 20   4 0.27
 20   5 0.24
 20   6 0.26
 20   7 0.23
 20   8 0.36
 20   9 0.48
 20  10 0.66
 20  11 0.26
 20  12 0.30
 20  13 0.23
 20  14 0.65
 20  15 0.44
 20  16 0.22
 20  17 0.27
 20  18 0.24
 20  19 0.41
 20  20 1.00
 20  21 0.12
 20  22 0.34
 21   1 0.10
 21   2 0.15
 21   3 0.16
 21   4 0.17
 21   5 0.20
 21   6 0.05
 21   7 0.14
 21   8 0.16
 21   9 0.13
 21  10 0.15
 21  11 0.24
 21  12 0.13
 21  13 0.13
 21  14 0.11
 21  15 0.20
 21  16 0.12
 21  17 0.16
 21  18 0.05
 21  19 0.14
 21  20 0.12
 21  21 1.00
 21  22 0.09
 22   1 0.56
 22   2 0.64
 22   3 0.67
 22   4 0.44
 22   5 0.55
 22   6 0.32
 22   7 0.66
 22   8 0.52
 22   9 0.51
 22  10 0.32
 22  11 0.34
 22  12 0.76
 22  13 0.40
 22  14 0.40
 22  15 0.40
 22  16 0.73
 22  17 0.65
 22  18 0.35
 22  19 0.54
 22  20 0.34
 22  21 0.09
 22  22 1.00
