  1   1 1.00
  1   2 0.45
  1   3 0.36
  1   4 0.41
  1   5 0.44
  1   6 0.49
  1   7 0.57
  1   8 0.45
  1   9 0.45
  1  10 0.69
  1  11 0.19
  1  12 0.39
  1  13 0.49
  1  14 0.63
  1  15 0.48
  1  16 0.54
  1  17 0.41
  1  18 0.57
  1  19 0.60
  1  20 0.49
  1  21 0.43
  1  22 0.34
  2   1 0.45
  2   2 1.00
  2   3 0.33
  2   4 0.42
  2   5 0.53
  2   6 0.39
  2   7 0.44
  2   8 0.36
  2   9 0.43
  2  10 0.52
  2  11 0.22
  2  12 0.30
  2  13 0.48
  2  14 0.38
  2  15 0.42
  2  16 0.52
  2  17 0.44
  2  18 0.47
  2  19 0.49
  2  20 0.56
  2  21 0.41
  2  22 0.38
  3   1 0.36
  3   2 0.33
  3   3 1.00
  3   4 0.44
  3   5 0.33
  3   6 0.36
  3   7 0.51
  3   8 0.58
  3   9 0.64
  3  10 0.52
  3  11 0.28
  3  12 0.45
  3  13 0.41
  3  14 0.46
  3  15 0.50
  3  16 0.47
  3  17 0.56
  3  18 0.35
  3  19 0.39
  3  20 0.29
  3  21 0.33
  3  22 0.47
  4   1 0.41
  4   2 0.42
  4   3 0.44
  4   4 1.00
  4   5 0.41
  4   6 0.47
  4   7 0.50
  4   8 0.53
  4   9 0.51
  4  10 0.54
  4  11 0.23
  4  12 0.48
  4  13 0.47
  4  14 0.35
  4  15 0.50
  4  16 0.55
  4  17 0.48
  4  18 0.37
  4  19 0.33
  4  20 0.38
  4  21 0.39
  4  22 0.49
  5   1 0.44
  5   2 0.53
  5   3 0.33
  5   4 0.41
  5   5 1.00
  5   6 0.46
  5   7 0.51
  5   8 0.40
  5   9 0.46
  5  10 0.54
  5  11 0.28
  5  12 0.42
  5  13 0.47
  5  14 0.32
  5  15 0.51
  5  16 0.61
  5  17 0.42
  5  18 0.51
  5  19 0.53
  5  20 0.44
  5  21 0.43
  5  22 0.30
  6   1 0.49
  6   2 0.39
  6   3 0.36
  6   4 0.47
  6   5 0.46
  6   6 1.00
  6   7 0.61
  6   8 0.45
  6   9 0.51
  6  10 0.62
  6  11 0.20
  6  12 0.60
  6  13 0.47
  6  14 0.36
  6  15 0.52
  6  16 0.62
  6  17 0.47
  6  18 0.58
  6  19 0.48
  6  20 0.37
  6  21 0.50
  6  22 0.34
  7   1 0.57
  7   2 0.44
  7   3 0.51
  7   4 0.50
  7   5 0.51
  7   6 0.61
  7   7 1.00
  7   8 0.62
  7   9 0.61
  7  10 0.71
  7  11 0.29
  7  12 0.56
  7  13 0.55
  7  14 0.57
  7  15 0.59
  7  16 0.62
  7  17 0.62
  7  18 0.59
  7  19 0.61
  7  20 0.46
  7  21 0.54
  7  22 0.47
  8   1 0.45
  8   2 0.36
  8   3 0.58
  8   4 0.53
  8   5 0.40
  8   6 0.45
  8   7 0.62
  8   8 1.00
  8   9 0.60
  8  10 0.55
  8  11 0.26
  8  12 0.46
  8  13 0.40
  8  14 0.45
  8  15 0.56
  8  16 0.52
  8  17 0.53
  8  18 0.46
  8  19 0.43
  8  20 0.31
  8  21 0.41
  8  22 0.55
  9   1 0.45
  9   2 0.43
  9   3 0.64
  9   4 0.51
  9   5 0.46
  9   6 0.51
  9   7 0.61
  9   8 0.60
  9   9 1.00
  9  10 0.62
  9  11 0.23
  9  12 0.55
  9  13 0.54
  9  14 0.48
  9  15 0.63
  9  16 0.54
  9  17 0.69
  9  18 0.50
  9  19 0.49
  9  20 0.40
  9  21 0.48
  9  22 0.42
 10   1 0.69
 10   2 0.52
 10   3 0.52
 10   4 0.54
 10   5 0.54
 10   6 0.62
 10   7 0.71
 10   8 0.55
 10   9 0.62
 10  10 1.00
 10  11 0.28
 10  12 0.52
 10  13 0.59
 10  14 0.63
 10  15 0.59
 10  16 0.64
 10  17 0.56
 10  18 0.62
 10  19 0.68
 10  20 0.50
 10  21 0.58
 10  22 0.41
 11   1 0.19
 11   2 0.22
 11   3 0.28
 11   4 0.23
 11   5 0.28
 11   6 0.20
 11   7 0.29
 11   8 0.26
 11   9 0.23
 11  10 0.28
 11  11 1.00
 11  12 0.29
 11  13 0.21
 11  14 0.21
 11  15 0.24
 11  16 0.34
 11  17 0.27
 11  18 0.22
 11  19 0.24
 11  20 0.16
 11  21 0.20
 11  22 0.17
 12   1 0.39
 12   2 0.30
 12   3 0.45
 12   4 0.48
 12   5 0.42
 12   6 0.60
 12   7 0.56
 12   8 0.46
 12   9 0.55
 12  10 0.52
 12  11 0.29
 12  12 1.00
 12  13 0.49
 12  14 0.28
 12  15 0.56
 12  16 0.60
 12  17 0.51
 12  18 0.46
 12  19 0.37
 12  20 0.25
 12  21 0.44
 12  22 0.35
 13   1 0.49
 13   2 0.48
 13   3 0.41
 13   4 0.47
 13   5 0.47
 13   6 0.47
 13   7 0.55
 13   8 0.40
 13   9 0.54
 13  10 0.59
 13  11 0.21
 13  12 0.49
 13  13 1.00
 13  14 0.36
 13  15 0.46
 13  16 0.58
 13  17 0.51
 13  18 0.47
 13  19 0.45
 13  20 0.49
 13  21 0.39
 13  22 0.36
 14   1 0.63
 14   2 0.38
 14   3 0.46
 14   4 0.35
 14   5 0.32
 14   6 0.36
 14   7 0.57
 14   8 0.45
 14   9 0.48
 14  10 0.63
 14  11 0.21
 14  12 0.28
 14  13 0.36
 14  14 1.00
 14  15 0.47
 14  16 0.45
 14  17 0.40
 14  18 0.45
 14  19 0.56
 14  20 0.45
 14  21 0.39
 14  22 0.43
 15   1 0.48
 15   2 0.42
 15   3 0.50
 15   4 0.50
 15   5 0.51
 15   6 0.52
 15   7 0.59
 15   8 0.56
 15   9 0.63
 15  10 0.59
 15  11 0.24
 15  12 0.56
 15  13 0.46
 15  14 0.47
 15  15 1.00
 15  16 0.61
 15  17 0.57
 15  18 0.54
 15  19 0.57
 15  20 0.39
 15  21 0.53
 15  22 0.43
 16   1 0.54
 16   2 0.52
 16   3 0.47
 16   4 0.55
 16   5 0.61
 16   6 0.62
 16   7 0.62
 16   8 0.52
 16   9 0.54
 16  10 0.64
 16  11 0.34
 16  12 0.60
 16  13 0.58
 16  14 0.45
 16  15 0.61
 16  16 1.00
 16  17 0.56
 16  18 0.61
 16  19 0.57
 16  20 0.45
 16  21 0.51
 16  22 0.44
 17   1 0.41
 17   2 0.44
 17   3 0.56
 17   4 0.48
 17   5 0.42
 17   6 0.47
 17   7 0.62
 17   8 0.53
 17   9 0.69
 17  10 0.56
 17  11 0.27
 17  12 0.51
 17  13 0.51
 17  14 0.40
 17  15 0.57
 17  16 0.56
 17  17 1.00
 17  18 0.48
 17  19 0.51
 17  20 0.40
 17  21 0.54
 17  22 0.43
 18   1 0.57
 18   2 0.47
 18   3 0.35
 18   4 0.37
 18   5 0.51
 18   6 0.58
 18   7 0.59
 18   8 0.46
 18   9 0.50
 18  10 0.62
 18  11 0.22
 18  12 0.46
 18  13 0.47
 18  14 0.45
 18  15 0.54
 18  16 0.61
 18  17 0.48
 18  18 1.00
 18  19 0.58
 18  20 0.43
 18  21 0.53
 18  22 0.29
 19   1 0.60
 19   2 0.49
 19   3 0.39
 19   4 0.33
 19   5 0.53
 19   6 0.48
 19   7 0.61
 19   8 0.43
 19   9 0.49
 19  10 0.68
 19  11 0.24
 19  12 0.37
 19  13 0.45
 19  14 0.56
 19  15 0.57
 19  16 0.57
 19  17 0.51
 19  18 0.58
 19  19 1.00
 19  20 0.53
 19  21 0.52
 19  22 0.29
 20   1 0.49
 20   2 0.56
 20   3 0.29
 20   4 0.38
 20   5 0.44
 20   6 0.37
 20   7 0.46
 20   8 0.31
 20   9 0.40
 20  10 0.50
 20  11 0.16
 20  12 0.25
 20  13 0.49
 20  14 0.45
 20  15 0.39
 20  16 0.45
 20  17 0.40
 20  18 0.43
 20  19 0.53
 20  20 1.00
 20  21 0.40
 20  22 0.33
 21   1 0.43
 21   2 0.41
 21   3 0.33
 21   4 0.39
 21   5 0.43
 21   6 0.50
 21   7 0.54
 21   8 0.41
 21   9 0.48
 21  10 0.58
 21  11 0.20
 21  12 0.44
 21  13 0.39
 21  14 0.39
 21  15 0.53
 21  16 0.51
 21  17 0.54
 21  18 0.53
 21  19 0.52
 21  20 0.40
 21  21 1.00
 21  22 0.33
 22   1 0.34
 22   2 0.38
 22   3 0.47
 22   4 0.49
 22   5 0.30
 22   6 0.34
 22   7 0.47
 22   8 0.55
 22   9 0.42
 22  10 0.41
 22  11 0.17
 22  12 0.35
 22  13 0.36
 22  14 0.43
 22  15 0.43
 22  16 0.44
 22  17 0.43
 22  18 0.29
 22  19 0.29
 22  20 0.33
 22  21 0.33
 22  22 1.00
