  1   1 1.00
  1   2 0.53
  1   3 0.58
  1   4 0.60
  1   5 0.63
  1   6 0.57
  1   7 0.65
  1   8 0.65
  1   9 0.75
  1  10 0.86
  1  11 0.67
  1  12 0.31
  1  13 0.61
  1  14 0.73
  1  15 0.68
  1  16 0.78
  1  17 0.50
  1  18 0.61
  1  19 0.57
  1  20 0.44
  1  21 0.64
  1  22 0.57
  2   1 0.53
  2   2 1.00
  2   3 0.56
  2   4 0.38
  2   5 0.65
  2   6 0.73
  2   7 0.55
  2   8 0.60
  2   9 0.55
  2  10 0.62
  2  11 0.65
  2  12 0.54
  2  13 0.28
  2  14 0.45
  2  15 0.66
  2  16 0.54
  2  17 0.75
  2  18 0.51
  2  19 0.58
  2  20 0.49
  2  21 0.58
  2  22 0.64
  3   1 0.58
  3   2 0.56
  3   3 1.00
  3   4 0.48
  3   5 0.73
  3   6 0.58
  3   7 0.52
  3   8 0.55
  3   9 0.45
  3  10 0.68
  3  11 0.59
  3  12 0.38
  3  13 0.25
  3  14 0.47
  3  15 0.47
  3  16 0.54
  3  17 0.48
  3  18 0.51
  3  19 0.64
  3  20 0.37
  3  21 0.52
  3  22 0.59
  4   1 0.60
  4   2 0.38
  4   3 0.48
  4   4 1.00
  4   5 0.57
  4   6 0.62
  4   7 0.58
  4   8 0.80
  4   9 0.38
  4  10 0.65
  4  11 0.63
  4  12 0.46
  4  13 0.32
  4  14 0.66
  4  15 0.57
  4  16 0.52
  4  17 0.28
  4  18 0.63
  4  19 0.61
  4  20 0.33
  4  21 0.47
  4  22 0.42
  5   1 0.63
  5   2 0.65
  5   3 0.73
  5   4 0.57
  5   5 1.00
  5   6 0.66
  5   7 0.67
  5   8 0.56
  5   9 0.41
  5  10 0.74
  5  11 0.76
  5  12 0.41
  5  13 0.25
  5  14 0.52
  5  15 0.49
  5  16 0.58
  5  17 0.42
  5  18 0.70
  5  19 0.79
  5  20 0.29
  5  21 0.43
  5  22 0.49
  6   1 0.57
  6   2 0.73
  6   3 0.58
  6   4 0.62
  6   5 0.66
  6   6 1.00
  6   7 0.65
  6   8 0.75
  6   9 0.52
  6  10 0.71
  6  11 0.76
  6  12 0.62
  6  13 0.24
  6  14 0.60
  6  15 0.72
  6  16 0.52
  6  17 0.64
  6  18 0.66
  6  19 0.72
  6  20 0.44
  6  21 0.62
  6  22 0.58
  7   1 0.65
  7   2 0.55
  7   3 0.52
  7   4 0.58
  7   5 0.67
  7   6 0.65
  7   7 1.00
  7   8 0.56
  7   9 0.49
  7  10 0.71
  7  11 0.74
  7  12 0.35
  7  13 0.24
  7  14 0.57
  7  15 0.60
  7  16 0.56
  7  17 0.37
  7  18 0.78
  7  19 0.75
  7  20 0.29
  7  21 0.40
  7  22 0.43
  8   1 0.65
  8   2 0.60
  8   3 0.55
  8   4 0.80
  8   5 0.56
  8   6 0.75
  8   7 0.56
  8   8 1.00
  8   9 0.62
  8  10 0.70
  8  11 0.68
  8  12 0.63
  8  13 0.40
  8  14 0.72
  8  15 0.68
  8  16 0.60
  8  17 0.59
  8  18 0.61
  8  19 0.60
  8  20 0.55
  8  21 0.69
  8  22 0.67
  9   1 0.75
  9   2 0.55
  9   3 0.45
  9   4 0.38
  9   5 0.41
  9   6 0.52
  9   7 0.49
  9   8 0.62
  9   9 1.00
  9  10 0.67
  9  11 0.53
  9  12 0.28
  9  13 0.56
  9  14 0.61
  9  15 0.71
  9  16 0.70
  9  17 0.66
  9  18 0.40
  9  19 0.36
  9  20 0.59
  9  21 0.70
  9  22 0.72
 10   1 0.86
 10   2 0.62
 10   3 0.68
 10   4 0.65
 10   5 0.74
 10   6 0.71
 10   7 0.71
 10   8 0.70
 10   9 0.67
 10  10 1.00
 10  11 0.77
 10  12 0.39
 10  13 0.47
 10  14 0.77
 10  15 0.73
 10  16 0.70
 10  17 0.57
 10  18 0.65
 10  19 0.73
 10  20 0.45
 10  21 0.68
 10  22 0.59
 11   1 0.67
 11   2 0.65
 11   3 0.59
 11   4 0.63
 11   5 0.76
 11   6 0.76
 11   7 0.74
 11   8 0.68
 11   9 0.53
 11  10 0.77
 11  11 1.00
 11  12 0.45
 11  13 0.26
 11  14 0.62
 11  15 0.62
 11  16 0.59
 11  17 0.52
 11  18 0.73
 11  19 0.79
 11  20 0.35
 11  21 0.51
 11  22 0.53
 12   1 0.31
 12   2 0.54
 12   3 0.38
 12   4 0.46
 12   5 0.41
 12   6 0.62
 12   7 0.35
 12   8 0.63
 12   9 0.28
 12  10 0.39
 12  11 0.45
 12  12 1.00
 12  13 0.14
 12  14 0.39
 12  15 0.48
 12  16 0.27
 12  17 0.46
 12  18 0.50
 12  19 0.49
 12  20 0.40
 12  21 0.42
 12  22 0.39
 13   1 0.61
 13   2 0.28
 13   3 0.25
 13   4 0.32
 13   5 0.25
 13   6 0.24
 13   7 0.24
 13   8 0.40
 13   9 0.56
 13  10 0.47
 13  11 0.26
 13  12 0.14
 13  13 1.00
 13  14 0.41
 13  15 0.40
 13  16 0.57
 13  17 0.39
 13  18 0.25
 13  19 0.18
 13  20 0.36
 13  21 0.53
 13  22 0.42
 14   1 0.73
 14   2 0.45
 14   3 0.47
 14   4 0.66
 14   5 0.52
 14   6 0.60
 14   7 0.57
 14   8 0.72
 14   9 0.61
 14  10 0.77
 14  11 0.62
 14  12 0.39
 14  13 0.41
 14  14 1.00
 14  15 0.68
 14  16 0.59
 14  17 0.44
 14  18 0.52
 14  19 0.51
 14  20 0.47
 14  21 0.63
 14  22 0.48
 15   1 0.68
 15   2 0.66
 15   3 0.47
 15   4 0.57
 15   5 0.49
 15   6 0.72
 15   7 0.60
 15   8 0.68
 15   9 0.71
 15  10 0.73
 15  11 0.62
 15  12 0.48
 15  13 0.40
 15  14 0.68
 15  15 1.00
 15  16 0.58
 15  17 0.73
 15  18 0.52
 15  19 0.49
 15  20 0.64
 15  21 0.69
 15  22 0.63
 16   1 0.78
 16   2 0.54
 16   3 0.54
 16   4 0.52
 16   5 0.58
 16   6 0.52
 16   7 0.56
 16   8 0.60
 16   9 0.70
 16  10 0.70
 16  11 0.59
 16  12 0.27
 16  13 0.57
 16  14 0.59
 16  15 0.58
 16  16 1.00
 16  17 0.48
 16  18 0.55
 16  19 0.52
 16  20 0.40
 16  21 0.63
 16  22 0.61
 17   1 0.50
 17   2 0.75
 17   3 0.48
 17   4 0.28
 17   5 0.42
 17   6 0.64
 17   7 0.37
 17   8 0.59
 17   9 0.66
 17  10 0.57
 17  11 0.52
 17  12 0.46
 17  13 0.39
 17  14 0.44
 17  15 0.73
 17  16 0.48
 17  17 1.00
 17  18 0.33
 17  19 0.38
 17  20 0.68
 17  21 0.76
 17  22 0.75
 18   1 0.61
 18   2 0.51
 18   3 0.51
 18   4 0.63
 18   5 0.70
 18   6 0.66
 18   7 0.78
 18   8 0.61
 18   9 0.40
 18  10 0.65
 18  11 0.73
 18  12 0.50
 18  13 0.25
 18  14 0.52
 18  15 0.52
 18  16 0.55
 18  17 0.33
 18  18 1.00
 18  19 0.84
 18  20 0.32
 18  21 0.39
 18  22 0.38
 19   1 0.57
 19   2 0.58
 19   3 0.64
 19   4 0.61
 19   5 0.79
 19   6 0.72
 19   7 0.75
 19   8 0.60
 19   9 0.36
 19  10 0.73
 19  11 0.79
 19  12 0.49
 19  13 0.18
 19  14 0.51
 19  15 0.49
 19  16 0.52
 19  17 0.38
 19  18 0.84
 19  19 1.00
 19  20 0.31
 19  21 0.42
 19  22 0.43
 20   1 0.44
 20   2 0.49
 20   3 0.37
 20   4 0.33
 20   5 0.29
 20   6 0.44
 20   7 0.29
 20   8 0.55
 20   9 0.59
 20  10 0.45
 20  11 0.35
 20  12 0.40
 20  13 0.36
 20  14 0.47
 20  15 0.64
 20  16 0.40
 20  17 0.68
 20  18 0.32
 20  19 0.31
 20  20 1.00
 20  21 0.65
 20  22 0.68
 21   1 0.64
 21   2 0.58
 21   3 0.52
 21   4 0.47
 21   5 0.43
 21   6 0.62
 21   7 0.40
 21   8 0.69
 21   9 0.70
 21  10 0.68
 21  11 0.51
 21  12 0.42
 21  13 0.53
 21  14 0.63
 21  15 0.69
 21  16 0.63
 21  17 0.76
 21  18 0.39
 21  19 0.42
 21  20 0.65
 21  21 1.00
 21  22 0.74
 22   1 0.57
 22   2 0.64
 22   3 0.59
 22   4 0.42
 22   5 0.49
 22   6 0.58
 22   7 0.43
 22   8 0.67
 22   9 0.72
 22  10 0.59
 22  11 0.53
 22  12 0.39
 22  13 0.42
 22  14 0.48
 22  15 0.63
 22  16 0.61
 22  17 0.75
 22  18 0.38
 22  19 0.43
 22  20 0.68
 22  21 0.74
 22  22 1.00
