  1   1 1.00
  1   2 0.46
  1   3 0.47
  1   4 0.31
  1   5 0.58
  1   6 0.60
  1   7 0.40
  1   8 0.47
  1   9 0.52
  1  10 0.51
  1  11 0.55
  1  12 0.36
  1  13 0.38
  1  14 0.52
  1  15 0.41
  1  16 0.52
  1  17 0.46
  1  18 0.45
  1  19 0.63
  1  20 0.29
  1  21 0.53
  1  22 0.56
  2   1 0.46
  2   2 1.00
  2   3 0.47
  2   4 0.49
  2   5 0.48
  2   6 0.57
  2   7 0.45
  2   8 0.69
  2   9 0.52
  2  10 0.60
  2  11 0.52
  2  12 0.44
  2  13 0.42
  2  14 0.60
  2  15 0.52
  2  16 0.47
  2  17 0.58
  2  18 0.40
  2  19 0.55
  2  20 0.43
  2  21 0.53
  2  22 0.53
  3   1 0.47
  3   2 0.47
  3   3 1.00
  3   4 0.31
  3   5 0.53
  3   6 0.58
  3   7 0.33
  3   8 0.49
  3   9 0.34
  3  10 0.48
  3  11 0.51
  3  12 0.38
  3  13 0.39
  3  14 0.56
  3  15 0.50
  3  16 0.35
  3  17 0.44
  3  18 0.33
  3  19 0.53
  3  20 0.40
  3  21 0.41
  3  22 0.52
  4   1 0.31
  4   2 0.49
  4   3 0.31
  4   4 1.00
  4   5 0.23
  4   6 0.34
  4   7 0.24
  4   8 0.44
  4   9 0.33
  4  10 0.42
  4  11 0.37
  4  12 0.21
  4  13 0.29
  4  14 0.32
  4  15 0.35
  4  16 0.41
  4  17 0.46
  4  18 0.22
  4  19 0.45
  4  20 0.19
  4  21 0.34
  4  22 0.22
  5   1 0.58
  5   2 0.48
  5   3 0.53
  5   4 0.23
  5   5 1.00
  5   6 0.64
  5   7 0.39
  5   8 0.52
  5   9 0.46
  5  10 0.49
  5  11 0.48
  5  12 0.47
  5  13 0.48
  5  14 0.59
  5  15 0.39
  5  16 0.42
  5  17 0.46
  5  18 0.44
  5  19 0.58
  5  20 0.43
  5  21 0.47
  5  22 0.65
  6   1 0.60
  6   2 0.57
  6   3 0.58
  6   4 0.34
  6   5 0.64
  6   6 1.00
  6   7 0.35
  6   8 0.56
  6   9 0.42
  6  10 0.56
  6  11 0.46
  6  12 0.50
  6  13 0.45
  6  14 0.62
  6  15 0.52
  6  16 0.39
  6  17 0.54
  6  18 0.41
  6  19 0.60
  6  20 0.47
  6  21 0.53
  6  22 0.66
  7   1 0.40
  7   2 0.45
  7   3 0.33
  7   4 0.24
  7   5 0.39
  7   6 0.35
  7   7 1.00
  7   8 0.40
  7   9 0.45
  7  10 0.31
  7  11 0.48
  7  12 0.28
  7  13 0.48
  7  14 0.38
  7  15 0.32
  7  16 0.46
  7  17 0.27
  7  18 0.40
  7  19 0.34
  7  20 0.35
  7  21 0.40
  7  22 0.37
  8   1 0.47
  8   2 0.69
  8   3 0.49
  8   4 0.44
  8   5 0.52
  8   6 0.56
  8   7 0.40
  8   8 1.00
  8   9 0.54
  8  10 0.57
  8  11 0.53
  8  12 0.44
  8  13 0.41
  8  14 0.57
  8  15 0.50
  8  16 0.56
  8  17 0.55
  8  18 0.40
  8  19 0.63
  8  20 0.38
  8  21 0.53
  8  22 0.50
  9   1 0.52
  9   2 0.52
  9   3 0.34
  9   4 0.33
  9   5 0.46
  9   6 0.42
  9   7 0.45
  9   8 0.54
  9   9 1.00
  9  10 0.37
  9  11 0.56
  9  12 0.31
  9  13 0.37
  9  14 0.44
  9  15 0.37
  9  16 0.65
  9  17 0.39
  9  18 0.49
  9  19 0.52
  9  20 0.30
  9  21 0.50
  9  22 0.40
 10   1 0.51
 10   2 0.60
 10   3 0.48
 10   4 0.42
 10   5 0.49
 10   6 0.56
 10   7 0.31
 10   8 0.57
 10   9 0.37
 10  10 1.00
 10  11 0.41
 10  12 0.43
 10  13 0.32
 10  14 0.58
 10  15 0.48
 10  16 0.36
 10  17 0.61
 10  18 0.33
 10  19 0.59
 10  20 0.33
 10  21 0.59
 10  22 0.58
 11   1 0.55
 11   2 0.52
 11   3 0.51
 11   4 0.37
 11   5 0.48
 11   6 0.46
 11   7 0.48
 11   8 0.53
 11   9 0.56
 11  10 0.41
 11  11 1.00
 11  12 0.33
 11  13 0.51
 11  14 0.49
 11  15 0.45
 11  16 0.58
 11  17 0.42
 11  18 0.46
 11  19 0.53
 11  20 0.37
 11  21 0.47
 11  22 0.43
 12   1 0.36
 12   2 0.44
 12   3 0.38
 12   4 0.21
 12   5 0.47
 12   6 0.50
 12   7 0.28
 12   8 0.44
 12   9 0.31
 12  10 0.43
 12  11 0.33
 12  12 1.00
 12  13 0.35
 12  14 0.47
 12  15 0.39
 12  16 0.29
 12  17 0.52
 12  18 0.34
 12  19 0.47
 12  20 0.40
 12  21 0.46
 12  22 0.52
 13   1 0.38
 13   2 0.42
 13   3 0.39
 13   4 0.29
 13   5 0.48
 13   6 0.45
 13   7 0.48
 13   8 0.41
 13   9 0.37
 13  10 0.32
 13  11 0.51
 13  12 0.35
 13  13 1.00
 13  14 0.42
 13  15 0.45
 13  16 0.38
 13  17 0.40
 13  18 0.54
 13  19 0.39
 13  20 0.46
 13  21 0.33
 13  22 0.42
 14   1 0.52
 14   2 0.60
 14   3 0.56
 14   4 0.32
 14   5 0.59
 14   6 0.62
 14   7 0.38
 14   8 0.57
 14   9 0.44
 14  10 0.58
 14  11 0.49
 14  12 0.47
 14  13 0.42
 14  14 1.00
 14  15 0.44
 14  16 0.38
 14  17 0.48
 14  18 0.37
 14  19 0.57
 14  20 0.43
 14  21 0.55
 14  22 0.58
 15   1 0.41
 15   2 0.52
 15   3 0.50
 15   4 0.35
 15   5 0.39
 15   6 0.52
 15   7 0.32
 15   8 0.50
 15   9 0.37
 15  10 0.48
 15  11 0.45
 15  12 0.39
 15  13 0.45
 15  14 0.44
 15  15 1.00
 15  16 0.34
 15  17 0.54
 15  18 0.38
 15  19 0.47
 15  20 0.41
 15  21 0.40
 15  22 0.44
 16   1 0.52
 16   2 0.47
 16   3 0.35
 16   4 0.41
 16   5 0.42
 16   6 0.39
 16   7 0.46
 16   8 0.56
 16   9 0.65
 16  10 0.36
 16  11 0.58
 16  12 0.29
 16  13 0.38
 16  14 0.38
 16  15 0.34
 16  16 1.00
 16  17 0.39
 16  18 0.44
 16  19 0.48
 16  20 0.27
 16  21 0.47
 16  22 0.36
 17   1 0.46
 17   2 0.58
 17   3 0.44
 17   4 0.46
 17   5 0.46
 17   6 0.54
 17   7 0.27
 17   8 0.55
 17   9 0.39
 17  10 0.61
 17  11 0.42
 17  12 0.52
 17  13 0.40
 17  14 0.48
 17  15 0.54
 17  16 0.39
 17  17 1.00
 17  18 0.35
 17  19 0.63
 17  20 0.37
 17  21 0.51
 17  22 0.52
 18   1 0.45
 18   2 0.40
 18   3 0.33
 18   4 0.22
 18   5 0.44
 18   6 0.41
 18   7 0.40
 18   8 0.40
 18   9 0.49
 18  10 0.33
 18  11 0.46
 18  12 0.34
 18  13 0.54
 18  14 0.37
 18  15 0.38
 18  16 0.44
 18  17 0.35
 18  18 1.00
 18  19 0.40
 18  20 0.33
 18  21 0.40
 18  22 0.43
 19   1 0.63
 19   2 0.55
 19   3 0.53
 19   4 0.45
 19   5 0.58
 19   6 0.60
 19   7 0.34
 19   8 0.63
 19   9 0.52
 19  10 0.59
 19  11 0.53
 19  12 0.47
 19  13 0.39
 19  14 0.57
 19  15 0.47
 19  16 0.48
 19  17 0.63
 19  18 0.40
 19  19 1.00
 19  20 0.42
 19  21 0.55
 19  22 0.59
 20   1 0.29
 20   2 0.43
 20   3 0.40
 20   4 0.19
 20   5 0.43
 20   6 0.47
 20   7 0.35
 20   8 0.38
 20   9 0.30
 20  10 0.33
 20  11 0.37
 20  12 0.40
 20  13 0.46
 20  14 0.43
 20  15 0.41
 20  16 0.27
 20  17 0.37
 20  18 0.33
 20  19 0.42
 20  20 1.00
 20  21 0.30
 20  22 0.45
 21   1 0.53
 21   2 0.53
 21   3 0.41
 21   4 0.34
 21   5 0.47
 21   6 0.53
 21   7 0.40
 21   8 0.53
 21   9 0.50
 21  10 0.59
 21  11 0.47
 21  12 0.46
 21  13 0.33
 21  14 0.55
 21  15 0.40
 21  16 0.47
 21  17 0.51
 21  18 0.40
 21  19 0.55
 21  20 0.30
 21  21 1.00
 21  22 0.60
 22   1 0.56
 22   2 0.53
 22   3 0.52
 22   4 0.22
 22   5 0.65
 22   6 0.66
 22   7 0.37
 22   8 0.50
 22   9 0.40
 22  10 0.58
 22  11 0.43
 22  12 0.52
 22  13 0.42
 22  14 0.58
 22  15 0.44
 22  16 0.36
 22  17 0.52
 22  18 0.43
 22  19 0.59
 22  20 0.45
 22  21 0.60
 22  22 1.00
