  1   1 1.00
  1   2 0.56
  1   3 0.65
  1   4 0.62
  1   5 0.79
  1   6 0.67
  1   7 0.74
  1   8 0.66
  1   9 0.85
  1  10 0.44
  1  11 0.71
  1  12 0.59
  1  13 0.38
  1  14 0.67
  1  15 0.65
  1  16 0.66
  1  17 0.64
  1  18 0.82
  1  19 0.74
  1  20 0.57
  1  21 0.72
  1  22 0.35
  2   1 0.56
  2   2 1.00
  2   3 0.61
  2   4 0.38
  2   5 0.60
  2   6 0.63
  2   7 0.62
  2   8 0.70
  2   9 0.58
  2  10 0.43
  2  11 0.71
  2  12 0.64
  2  13 0.34
  2  14 0.70
  2  15 0.64
  2  16 0.55
  2  17 0.67
  2  18 0.65
  2  19 0.56
  2  20 0.80
  2  21 0.55
  2  22 0.37
  3   1 0.65
  3   2 0.61
  3   3 1.00
  3   4 0.57
  3   5 0.70
  3   6 0.75
  3   7 0.72
  3   8 0.72
  3   9 0.64
  3  10 0.53
  3  11 0.65
  3  12 0.67
  3  13 0.41
  3  14 0.67
  3  15 0.67
  3  16 0.71
  3  17 0.74
  3  18 0.69
  3  19 0.68
  3  20 0.69
  3  21 0.64
  3  22 0.45
  4   1 0.62
  4   2 0.38
  4   3 0.57
  4   4 1.00
  4   5 0.67
  4   6 0.61
  4   7 0.73
  4   8 0.57
  4   9 0.63
  4  10 0.76
  4  11 0.59
  4  12 0.58
  4  13 0.63
  4  14 0.55
  4  15 0.64
  4  16 0.72
  4  17 0.58
  4  18 0.57
  4  19 0.51
  4  20 0.48
  4  21 0.66
  4  22 0.56
  5   1 0.79
  5   2 0.60
  5   3 0.70
  5   4 0.67
  5   5 1.00
  5   6 0.73
  5   7 0.74
  5   8 0.69
  5   9 0.80
  5  10 0.62
  5  11 0.81
  5  12 0.67
  5  13 0.52
  5  14 0.74
  5  15 0.72
  5  16 0.74
  5  17 0.70
  5  18 0.79
  5  19 0.67
  5  20 0.63
  5  21 0.79
  5  22 0.51
  6   1 0.67
  6   2 0.63
  6   3 0.75
  6   4 0.61
  6   5 0.73
  6   6 1.00
  6   7 0.76
  6   8 0.78
  6   9 0.72
  6  10 0.59
  6  11 0.71
  6  12 0.77
  6  13 0.45
  6  14 0.76
  6  15 0.72
  6  16 0.70
  6  17 0.78
  6  18 0.75
  6  19 0.71
  6  20 0.77
  6  21 0.70
  6  22 0.47
  7   1 0.74
  7   2 0.62
  7   3 0.72
  7   4 0.73
  7   5 0.74
  7   6 0.76
  7   7 1.00
  7   8 0.76
  7   9 0.71
  7  10 0.69
  7  11 0.70
  7  12 0.80
  7  13 0.57
  7  14 0.76
  7  15 0.84
  7  16 0.85
  7  17 0.82
  7  18 0.73
  7  19 0.59
  7  20 0.69
  7  21 0.83
  7  22 0.59
  8   1 0.66
  8   2 0.70
  8   3 0.72
  8   4 0.57
  8   5 0.69
  8   6 0.78
  8   7 0.76
  8   8 1.00
  8   9 0.68
  8  10 0.66
  8  11 0.73
  8  12 0.75
  8  13 0.53
  8  14 0.78
  8  15 0.79
  8  16 0.76
  8  17 0.75
  8  18 0.73
  8  19 0.66
  8  20 0.73
  8  21 0.72
  8  22 0.61
  9   1 0.85
  9   2 0.58
  9   3 0.64
  9   4 0.63
  9   5 0.80
  9   6 0.72
  9   7 0.71
  9   8 0.68
  9   9 1.00
  9  10 0.50
  9  11 0.74
  9  12 0.61
  9  13 0.43
  9  14 0.69
  9  15 0.61
  9  16 0.60
  9  17 0.61
  9  18 0.86
  9  19 0.77
  9  20 0.64
  9  21 0.67
  9  22 0.37
 10   1 0.44
 10   2 0.43
 10   3 0.53
 10   4 0.76
 10   5 0.62
 10   6 0.59
 10   7 0.69
 10   8 0.66
 10   9 0.50
 10  10 1.00
 10  11 0.60
 10  12 0.62
 10  13 0.71
 10  14 0.59
 10  15 0.72
 10  16 0.72
 10  17 0.59
 10  18 0.46
 10  19 0.40
 10  20 0.50
 10  21 0.64
 10  22 0.79
 11   1 0.71
 11   2 0.71
 11   3 0.65
 11   4 0.59
 11   5 0.81
 11   6 0.71
 11   7 0.70
 11   8 0.73
 11   9 0.74
 11  10 0.60
 11  11 1.00
 11  12 0.66
 11  13 0.50
 11  14 0.73
 11  15 0.76
 11  16 0.70
 11  17 0.71
 11  18 0.79
 11  19 0.68
 11  20 0.69
 11  21 0.71
 11  22 0.47
 12   1 0.59
 12   2 0.64
 12   3 0.67
 12   4 0.58
 12   5 0.67
 12   6 0.77
 12   7 0.80
 12   8 0.75
 12   9 0.61
 12  10 0.62
 12  11 0.66
 12  12 1.00
 12  13 0.56
 12  14 0.75
 12  15 0.81
 12  16 0.77
 12  17 0.87
 12  18 0.63
 12  19 0.49
 12  20 0.75
 12  21 0.71
 12  22 0.56
 13   1 0.38
 13   2 0.34
 13   3 0.41
 13   4 0.63
 13   5 0.52
 13   6 0.45
 13   7 0.57
 13   8 0.53
 13   9 0.43
 13  10 0.71
 13  11 0.50
 13  12 0.56
 13  13 1.00
 13  14 0.49
 13  15 0.56
 13  16 0.58
 13  17 0.48
 13  18 0.41
 13  19 0.35
 13  20 0.42
 13  21 0.47
 13  22 0.67
 14   1 0.67
 14   2 0.70
 14   3 0.67
 14   4 0.55
 14   5 0.74
 14   6 0.76
 14   7 0.76
 14   8 0.78
 14   9 0.69
 14  10 0.59
 14  11 0.73
 14  12 0.75
 14  13 0.49
 14  14 1.00
 14  15 0.76
 14  16 0.73
 14  17 0.76
 14  18 0.76
 14  19 0.64
 14  20 0.74
 14  21 0.73
 14  22 0.56
 15   1 0.65
 15   2 0.64
 15   3 0.67
 15   4 0.64
 15   5 0.72
 15   6 0.72
 15   7 0.84
 15   8 0.79
 15   9 0.61
 15  10 0.72
 15  11 0.76
 15  12 0.81
 15  13 0.56
 15  14 0.76
 15  15 1.00
 15  16 0.83
 15  17 0.84
 15  18 0.65
 15  19 0.52
 15  20 0.71
 15  21 0.76
 15  22 0.65
 16   1 0.66
 16   2 0.55
 16   3 0.71
 16   4 0.72
 16   5 0.74
 16   6 0.70
 16   7 0.85
 16   8 0.76
 16   9 0.60
 16  10 0.72
 16  11 0.70
 16  12 0.77
 16  13 0.58
 16  14 0.73
 16  15 0.83
 16  16 1.00
 16  17 0.81
 16  18 0.65
 16  19 0.55
 16  20 0.62
 16  21 0.80
 16  22 0.60
 17   1 0.64
 17   2 0.67
 17   3 0.74
 17   4 0.58
 17   5 0.70
 17   6 0.78
 17   7 0.82
 17   8 0.75
 17   9 0.61
 17  10 0.59
 17  11 0.71
 17  12 0.87
 17  13 0.48
 17  14 0.76
 17  15 0.84
 17  16 0.81
 17  17 1.00
 17  18 0.67
 17  19 0.54
 17  20 0.78
 17  21 0.76
 17  22 0.52
 18   1 0.82
 18   2 0.65
 18   3 0.69
 18   4 0.57
 18   5 0.79
 18   6 0.75
 18   7 0.73
 18   8 0.73
 18   9 0.86
 18  10 0.46
 18  11 0.79
 18  12 0.63
 18  13 0.41
 18  14 0.76
 18  15 0.65
 18  16 0.65
 18  17 0.67
 18  18 1.00
 18  19 0.78
 18  20 0.69
 18  21 0.72
 18  22 0.36
 19   1 0.74
 19   2 0.56
 19   3 0.68
 19   4 0.51
 19   5 0.67
 19   6 0.71
 19   7 0.59
 19   8 0.66
 19   9 0.77
 19  10 0.40
 19  11 0.68
 19  12 0.49
 19  13 0.35
 19  14 0.64
 19  15 0.52
 19  16 0.55
 19  17 0.54
 19  18 0.78
 19  19 1.00
 19  20 0.62
 19  21 0.55
 19  22 0.31
 20   1 0.57
 20   2 0.80
 20   3 0.69
 20   4 0.48
 20   5 0.63
 20   6 0.77
 20   7 0.69
 20   8 0.73
 20   9 0.64
 20  10 0.50
 20  11 0.69
 20  12 0.75
 20  13 0.42
 20  14 0.74
 20  15 0.71
 20  16 0.62
 20  17 0.78
 20  18 0.69
 20  19 0.62
 20  20 1.00
 20  21 0.57
 20  22 0.40
 21   1 0.72
 21   2 0.55
 21   3 0.64
 21   4 0.66
 21   5 0.79
 21   6 0.70
 21   7 0.83
 21   8 0.72
 21   9 0.67
 21  10 0.64
 21  11 0.71
 21  12 0.71
 21  13 0.47
 21  14 0.73
 21  15 0.76
 21  16 0.80
 21  17 0.76
 21  18 0.72
 21  19 0.55
 21  20 0.57
 21  21 1.00
 21  22 0.53
 22   1 0.35
 22   2 0.37
 22   3 0.45
 22   4 0.56
 22   5 0.51
 22   6 0.47
 22   7 0.59
 22   8 0.61
 22   9 0.37
 22  10 0.79
 22  11 0.47
 22  12 0.56
 22  13 0.67
 22  14 0.56
 22  15 0.65
 22  16 0.60
 22  17 0.52
 22  18 0.36
 22  19 0.31
 22  20 0.40
 22  21 0.53
 22  22 1.00
