  1   1 1.00
  1   2 0.48
  1   3 0.63
  1   4 0.44
  1   5 0.58
  1   6 0.69
  1   7 0.38
  1   8 0.42
  1   9 0.62
  1  10 0.54
  1  11 0.56
  1  12 0.56
  1  13 0.57
  1  14 0.43
  1  15 0.50
  1  16 0.62
  1  17 0.34
  1  18 0.48
  1  19 0.63
  1  20 0.27
  1  21 0.54
  1  22 0.63
  2   1 0.48
  2   2 1.00
  2   3 0.50
  2   4 0.46
  2   5 0.55
  2   6 0.54
  2   7 0.48
  2   8 0.39
  2   9 0.58
  2  10 0.55
  2  11 0.52
  2  12 0.45
  2  13 0.39
  2  14 0.41
  2  15 0.46
  2  16 0.41
  2  17 0.51
  2  18 0.38
  2  19 0.55
  2  20 0.27
  2  21 0.58
  2  22 0.59
  3   1 0.63
  3   2 0.50
  3   3 1.00
  3   4 0.42
  3   5 0.59
  3   6 0.56
  3   7 0.41
  3   8 0.33
  3   9 0.59
  3  10 0.62
  3  11 0.54
  3  12 0.54
  3  13 0.62
  3  14 0.45
  3  15 0.51
  3  16 0.51
  3  17 0.40
  3  18 0.45
  3  19 0.58
  3  20 0.27
  3  21 0.52
  3  22 0.66
  4   1 0.44
  4   2 0.46
  4   3 0.42
  4   4 1.00
  4   5 0.44
  4   6 0.46
  4   7 0.46
  4   8 0.26
  4   9 0.40
  4  10 0.49
  4  11 0.52
  4  12 0.42
  4  13 0.33
  4  14 0.33
  4  15 0.39
  4  16 0.36
  4  17 0.34
  4  18 0.22
  4  19 0.41
  4  20 0.22
  4  21 0.47
  4  22 0.47
  5   1 0.58
  5   2 0.55
  5   3 0.59
  5   4 0.44
  5   5 1.00
  5   6 0.50
  5   7 0.44
  5   8 0.25
  5   9 0.53
  5  10 0.66
  5  11 0.59
  5  12 0.53
  5  13 0.44
  5  14 0.47
  5  15 0.42
  5  16 0.39
  5  17 0.39
  5  18 0.24
  5  19 0.47
  5  20 0.31
  5  21 0.60
  5  22 0.58
  6   1 0.69
  6   2 0.54
  6   3 0.56
  6   4 0.46
  6   5 0.50
  6   6 1.00
  6   7 0.37
  6   8 0.35
  6   9 0.62
  6  10 0.53
  6  11 0.56
  6  12 0.52
  6  13 0.53
  6  14 0.33
  6  15 0.52
  6  16 0.57
  6  17 0.36
  6  18 0.43
  6  19 0.66
  6  20 0.24
  6  21 0.51
  6  22 0.60
  7   1 0.38
  7   2 0.48
  7   3 0.41
  7   4 0.46
  7   5 0.44
  7   6 0.37
  7   7 1.00
  7   8 0.37
  7   9 0.45
  7  10 0.45
  7  11 0.45
  7  12 0.35
  7  13 0.36
  7  14 0.35
  7  15 0.43
  7  16 0.36
  7  17 0.49
  7  18 0.31
  7  19 0.40
  7  20 0.28
  7  21 0.37
  7  22 0.39
  8   1 0.42
  8   2 0.39
  8   3 0.33
  8   4 0.26
  8   5 0.25
  8   6 0.35
  8   7 0.37
  8   8 1.00
  8   9 0.51
  8  10 0.30
  8  11 0.34
  8  12 0.25
  8  13 0.40
  8  14 0.21
  8  15 0.40
  8  16 0.47
  8  17 0.41
  8  18 0.45
  8  19 0.38
  8  20 0.18
  8  21 0.25
  8  22 0.40
  9   1 0.62
  9   2 0.58
  9   3 0.59
  9   4 0.40
  9   5 0.53
  9   6 0.62
  9   7 0.45
  9   8 0.51
  9   9 1.00
  9  10 0.53
  9  11 0.49
  9  12 0.49
  9  13 0.56
  9  14 0.34
  9  15 0.51
  9  16 0.62
  9  17 0.49
  9  18 0.51
  9  19 0.65
  9  20 0.24
  9  21 0.47
  9  22 0.60
 10   1 0.54
 10   2 0.55
 10   3 0.62
 10   4 0.49
 10   5 0.66
 10   6 0.53
 10   7 0.45
 10   8 0.30
 10   9 0.53
 10  10 1.00
 10  11 0.61
 10  12 0.55
 10  13 0.52
 10  14 0.53
 10  15 0.45
 10  16 0.43
 10  17 0.44
 10  18 0.29
 10  19 0.54
 10  20 0.33
 10  21 0.64
 10  22 0.62
 11   1 0.56
 11   2 0.52
 11   3 0.54
 11   4 0.52
 11   5 0.59
 11   6 0.56
 11   7 0.45
 11   8 0.34
 11   9 0.49
 11  10 0.61
 11  11 1.00
 11  12 0.51
 11  13 0.44
 11  14 0.37
 11  15 0.51
 11  16 0.45
 11  17 0.48
 11  18 0.34
 11  19 0.48
 11  20 0.28
 11  21 0.51
 11  22 0.58
 12   1 0.56
 12   2 0.45
 12   3 0.54
 12   4 0.42
 12   5 0.53
 12   6 0.52
 12   7 0.35
 12   8 0.25
 12   9 0.49
 12  10 0.55
 12  11 0.51
 12  12 1.00
 12  13 0.42
 12  14 0.34
 12  15 0.38
 12  16 0.37
 12  17 0.31
 12  18 0.25
 12  19 0.46
 12  20 0.28
 12  21 0.65
 12  22 0.48
 13   1 0.57
 13   2 0.39
 13   3 0.62
 13   4 0.33
 13   5 0.44
 13   6 0.53
 13   7 0.36
 13   8 0.40
 13   9 0.56
 13  10 0.52
 13  11 0.44
 13  12 0.42
 13  13 1.00
 13  14 0.38
 13  15 0.44
 13  16 0.54
 13  17 0.34
 13  18 0.48
 13  19 0.54
 13  20 0.18
 13  21 0.43
 13  22 0.52
 14   1 0.43
 14   2 0.41
 14   3 0.45
 14   4 0.33
 14   5 0.47
 14   6 0.33
 14   7 0.35
 14   8 0.21
 14   9 0.34
 14  10 0.53
 14  11 0.37
 14  12 0.34
 14  13 0.38
 14  14 1.00
 14  15 0.39
 14  16 0.28
 14  17 0.26
 14  18 0.19
 14  19 0.38
 14  20 0.27
 14  21 0.40
 14  22 0.51
 15   1 0.50
 15   2 0.46
 15   3 0.51
 15   4 0.39
 15   5 0.42
 15   6 0.52
 15   7 0.43
 15   8 0.40
 15   9 0.51
 15  10 0.45
 15  11 0.51
 15  12 0.38
 15  13 0.44
 15  14 0.39
 15  15 1.00
 15  16 0.54
 15  17 0.45
 15  18 0.44
 15  19 0.55
 15  20 0.26
 15  21 0.38
 15  22 0.57
 16   1 0.62
 16   2 0.41
 16   3 0.51
 16   4 0.36
 16   5 0.39
 16   6 0.57
 16   7 0.36
 16   8 0.47
 16   9 0.62
 16  10 0.43
 16  11 0.45
 16  12 0.37
 16  13 0.54
 16  14 0.28
 16  15 0.54
 16  16 1.00
 16  17 0.39
 16  18 0.60
 16  19 0.57
 16  20 0.18
 16  21 0.35
 16  22 0.57
 17   1 0.34
 17   2 0.51
 17   3 0.40
 17   4 0.34
 17   5 0.39
 17   6 0.36
 17   7 0.49
 17   8 0.41
 17   9 0.49
 17  10 0.44
 17  11 0.48
 17  12 0.31
 17  13 0.34
 17  14 0.26
 17  15 0.45
 17  16 0.39
 17  17 1.00
 17  18 0.32
 17  19 0.40
 17  20 0.23
 17  21 0.33
 17  22 0.33
 18   1 0.48
 18   2 0.38
 18   3 0.45
 18   4 0.22
 18   5 0.24
 18   6 0.43
 18   7 0.31
 18   8 0.45
 18   9 0.51
 18  10 0.29
 18  11 0.34
 18  12 0.25
 18  13 0.48
 18  14 0.19
 18  15 0.44
 18  16 0.60
 18  17 0.32
 18  18 1.00
 18  19 0.50
 18  20 0.15
 18  21 0.24
 18  22 0.43
 19   1 0.63
 19   2 0.55
 19   3 0.58
 19   4 0.41
 19   5 0.47
 19   6 0.66
 19   7 0.40
 19   8 0.38
 19   9 0.65
 19  10 0.54
 19  11 0.48
 19  12 0.46
 19  13 0.54
 19  14 0.38
 19  15 0.55
 19  16 0.57
 19  17 0.40
 19  18 0.50
 19  19 1.00
 19  20 0.22
 19  21 0.48
 19  22 0.63
 20   1 0.27
 20   2 0.27
 20   3 0.27
 20   4 0.22
 20   5 0.31
 20   6 0.24
 20   7 0.28
 20   8 0.18
 20   9 0.24
 20  10 0.33
 20  11 0.28
 20  12 0.28
 20  13 0.18
 20  14 0.27
 20  15 0.26
 20  16 0.18
 20  17 0.23
 20  18 0.15
 20  19 0.22
 20  20 1.00
 20  21 0.28
 20  22 0.29
 21   1 0.54
 21   2 0.58
 21   3 0.52
 21   4 0.47
 21   5 0.60
 21   6 0.51
 21   7 0.37
 21   8 0.25
 21   9 0.47
 21  10 0.64
 21  11 0.51
 21  12 0.65
 21  13 0.43
 21  14 0.40
 21  15 0.38
 21  16 0.35
 21  17 0.33
 21  18 0.24
 21  19 0.48
 21  20 0.28
 21  21 1.00
 21  22 0.57
 22   1 0.63
 22   2 0.59
 22   3 0.66
 22   4 0.47
 22   5 0.58
 22   6 0.60
 22   7 0.39
 22   8 0.40
 22   9 0.60
 22  10 0.62
 22  11 0.58
 22  12 0.48
 22  13 0.52
 22  14 0.51
 22  15 0.57
 22  16 0.57
 22  17 0.33
 22  18 0.43
 22  19 0.63
 22  20 0.29
 22  21 0.57
 22  22 1.00
