  1   1 1.00
  1   2 0.49
  1   3 0.51
  1   4 0.61
  1   5 0.45
  1   6 0.51
  1   7 0.46
  1   8 0.59
  1   9 0.62
  1  10 0.48
  1  11 0.55
  1  12 0.38
  1  13 0.44
  1  14 0.60
  1  15 0.56
  1  16 0.65
  1  17 0.57
  1  18 0.57
  1  19 0.56
  1  20 0.57
  1  21 0.58
  1  22 0.43
  2   1 0.49
  2   2 1.00
  2   3 0.30
  2   4 0.40
  2   5 0.22
  2   6 0.38
  2   7 0.33
  2   8 0.48
  2   9 0.44
  2  10 0.28
  2  11 0.53
  2  12 0.52
  2  13 0.27
  2  14 0.66
  2  15 0.52
  2  16 0.43
  2  17 0.54
  2  18 0.37
  2  19 0.54
  2  20 0.21
  2  21 0.60
  2  22 0.37
  3   1 0.51
  3   2 0.30
  3   3 1.00
  3   4 0.45
  3   5 0.68
  3   6 0.61
  3   7 0.68
  3   8 0.55
  3   9 0.62
  3  10 0.69
  3  11 0.60
  3  12 0.30
  3  13 0.54
  3  14 0.54
  3  15 0.49
  3  16 0.68
  3  17 0.56
  3  18 0.57
  3  19 0.50
  3  20 0.53
  3  21 0.60
  3  22 0.62
  4   1 0.61
  4   2 0.40
  4   3 0.45
  4   4 1.00
  4   5 0.45
  4   6 0.39
  4   7 0.45
  4   8 0.51
  4   9 0.49
  4  10 0.39
  4  11 0.51
  4  12 0.36
  4  13 0.37
  4  14 0.45
  4  15 0.41
  4  16 0.61
  4  17 0.45
  4  18 0.51
  4  19 0.46
  4  20 0.53
  4  21 0.54
  4  22 0.39
  5   1 0.45
  5   2 0.22
  5   3 0.68
  5   4 0.45
  5   5 1.00
  5   6 0.48
  5   7 0.61
  5   8 0.43
  5   9 0.62
  5  10 0.61
  5  11 0.50
  5  12 0.17
  5  13 0.39
  5  14 0.43
  5  15 0.36
  5  16 0.61
  5  17 0.45
  5  18 0.54
  5  19 0.38
  5  20 0.55
  5  21 0.53
  5  22 0.41
  6   1 0.51
  6   2 0.38
  6   3 0.61
  6   4 0.39
  6   5 0.48
  6   6 1.00
  6   7 0.42
  6   8 0.49
  6   9 0.48
  6  10 0.73
  6  11 0.57
  6  12 0.23
  6  13 0.62
  6  14 0.61
  6  15 0.59
  6  16 0.57
  6  17 0.51
  6  18 0.46
  6  19 0.51
  6  20 0.43
  6  21 0.64
  6  22 0.69
  7   1 0.46
  7   2 0.33
  7   3 0.68
  7   4 0.45
  7   5 0.61
  7   6 0.42
  7   7 1.00
  7   8 0.65
  7   9 0.50
  7  10 0.48
  7  11 0.60
  7  12 0.30
  7  13 0.33
  7  14 0.51
  7  15 0.45
  7  16 0.73
  7  17 0.50
  7  18 0.54
  7  19 0.66
  7  20 0.45
  7  21 0.59
  7  22 0.49
  8   1 0.59
  8   2 0.48
  8   3 0.55
  8   4 0.51
  8   5 0.43
  8   6 0.49
  8   7 0.65
  8   8 1.00
  8   9 0.48
  8  10 0.47
  8  11 0.58
  8  12 0.38
  8  13 0.33
  8  14 0.64
  8  15 0.63
  8  16 0.74
  8  17 0.57
  8  18 0.49
  8  19 0.68
  8  20 0.44
  8  21 0.62
  8  22 0.47
  9   1 0.62
  9   2 0.44
  9   3 0.62
  9   4 0.49
  9   5 0.62
  9   6 0.48
  9   7 0.50
  9   8 0.48
  9   9 1.00
  9  10 0.49
  9  11 0.55
  9  12 0.42
  9  13 0.50
  9  14 0.57
  9  15 0.47
  9  16 0.60
  9  17 0.60
  9  18 0.54
  9  19 0.49
  9  20 0.47
  9  21 0.55
  9  22 0.38
 10   1 0.48
 10   2 0.28
 10   3 0.69
 10   4 0.39
 10   5 0.61
 10   6 0.73
 10   7 0.48
 10   8 0.47
 10   9 0.49
 10  10 1.00
 10  11 0.51
 10  12 0.20
 10  13 0.53
 10  14 0.53
 10  15 0.42
 10  16 0.63
 10  17 0.53
 10  18 0.46
 10  19 0.47
 10  20 0.48
 10  21 0.54
 10  22 0.55
 11   1 0.55
 11   2 0.53
 11   3 0.60
 11   4 0.51
 11   5 0.50
 11   6 0.57
 11   7 0.60
 11   8 0.58
 11   9 0.55
 11  10 0.51
 11  11 1.00
 11  12 0.38
 11  13 0.46
 11  14 0.69
 11  15 0.59
 11  16 0.68
 11  17 0.54
 11  18 0.55
 11  19 0.69
 11  20 0.42
 11  21 0.73
 11  22 0.70
 12   1 0.38
 12   2 0.52
 12   3 0.30
 12   4 0.36
 12   5 0.17
 12   6 0.23
 12   7 0.30
 12   8 0.38
 12   9 0.42
 12  10 0.20
 12  11 0.38
 12  12 1.00
 12  13 0.29
 12  14 0.38
 12  15 0.40
 12  16 0.35
 12  17 0.48
 12  18 0.26
 12  19 0.40
 12  20 0.18
 12  21 0.40
 12  22 0.31
 13   1 0.44
 13   2 0.27
 13   3 0.54
 13   4 0.37
 13   5 0.39
 13   6 0.62
 13   7 0.33
 13   8 0.33
 13   9 0.50
 13  10 0.53
 13  11 0.46
 13  12 0.29
 13  13 1.00
 13  14 0.44
 13  15 0.44
 13  16 0.47
 13  17 0.46
 13  18 0.34
 13  19 0.36
 13  20 0.33
 13  21 0.43
 13  22 0.52
 14   1 0.60
 14   2 0.66
 14   3 0.54
 14   4 0.45
 14   5 0.43
 14   6 0.61
 14   7 0.51
 14   8 0.64
 14   9 0.57
 14  10 0.53
 14  11 0.69
 14  12 0.38
 14  13 0.44
 14  14 1.00
 14  15 0.73
 14  16 0.69
 14  17 0.66
 14  18 0.48
 14  19 0.76
 14  20 0.40
 14  21 0.73
 14  22 0.62
 15   1 0.56
 15   2 0.52
 15   3 0.49
 15   4 0.41
 15   5 0.36
 15   6 0.59
 15   7 0.45
 15   8 0.63
 15   9 0.47
 15  10 0.42
 15  11 0.59
 15  12 0.40
 15  13 0.44
 15  14 0.73
 15  15 1.00
 15  16 0.59
 15  17 0.54
 15  18 0.42
 15  19 0.64
 15  20 0.38
 15  21 0.67
 15  22 0.60
 16   1 0.65
 16   2 0.43
 16   3 0.68
 16   4 0.61
 16   5 0.61
 16   6 0.57
 16   7 0.73
 16   8 0.74
 16   9 0.60
 16  10 0.63
 16  11 0.68
 16  12 0.35
 16  13 0.47
 16  14 0.69
 16  15 0.59
 16  16 1.00
 16  17 0.65
 16  18 0.55
 16  19 0.71
 16  20 0.59
 16  21 0.72
 16  22 0.59
 17   1 0.57
 17   2 0.54
 17   3 0.56
 17   4 0.45
 17   5 0.45
 17   6 0.51
 17   7 0.50
 17   8 0.57
 17   9 0.60
 17  10 0.53
 17  11 0.54
 17  12 0.48
 17  13 0.46
 17  14 0.66
 17  15 0.54
 17  16 0.65
 17  17 1.00
 17  18 0.49
 17  19 0.58
 17  20 0.43
 17  21 0.57
 17  22 0.47
 18   1 0.57
 18   2 0.37
 18   3 0.57
 18   4 0.51
 18   5 0.54
 18   6 0.46
 18   7 0.54
 18   8 0.49
 18   9 0.54
 18  10 0.46
 18  11 0.55
 18  12 0.26
 18  13 0.34
 18  14 0.48
 18  15 0.42
 18  16 0.55
 18  17 0.49
 18  18 1.00
 18  19 0.46
 18  20 0.62
 18  21 0.55
 18  22 0.43
 19   1 0.56
 19   2 0.54
 19   3 0.50
 19   4 0.46
 19   5 0.38
 19   6 0.51
 19   7 0.66
 19   8 0.68
 19   9 0.49
 19  10 0.47
 19  11 0.69
 19  12 0.40
 19  13 0.36
 19  14 0.76
 19  15 0.64
 19  16 0.71
 19  17 0.58
 19  18 0.46
 19  19 1.00
 19  20 0.38
 19  21 0.66
 19  22 0.59
 20   1 0.57
 20   2 0.21
 20   3 0.53
 20   4 0.53
 20   5 0.55
 20   6 0.43
 20   7 0.45
 20   8 0.44
 20   9 0.47
 20  10 0.48
 20  11 0.42
 20  12 0.18
 20  13 0.33
 20  14 0.40
 20  15 0.38
 20  16 0.59
 20  17 0.43
 20  18 0.62
 20  19 0.38
 20  20 1.00
 20  21 0.48
 20  22 0.42
 21   1 0.58
 21   2 0.60
 21   3 0.60
 21   4 0.54
 21   5 0.53
 21   6 0.64
 21   7 0.59
 21   8 0.62
 21   9 0.55
 21  10 0.54
 21  11 0.73
 21  12 0.40
 21  13 0.43
 21  14 0.73
 21  15 0.67
 21  16 0.72
 21  17 0.57
 21  18 0.55
 21  19 0.66
 21  20 0.48
 21  21 1.00
 21  22 0.65
 22   1 0.43
 22   2 0.37
 22   3 0.62
 22   4 0.39
 22   5 0.41
 22   6 0.69
 22   7 0.49
 22   8 0.47
 22   9 0.38
 22  10 0.55
 22  11 0.70
 22  12 0.31
 22  13 0.52
 22  14 0.62
 22  15 0.60
 22  16 0.59
 22  17 0.47
 22  18 0.43
 22  19 0.59
 22  20 0.42
 22  21 0.65
 22  22 1.00
