  1   1 1.00
  1   2 0.62
  1   3 0.28
  1   4 0.12
  1   5 0.61
  1   6 0.65
  1   7 0.42
  1   8 0.39
  1   9 0.52
  1  10 0.55
  1  11 0.50
  1  12 0.52
  1  13 0.50
  1  14 0.57
  1  15 0.70
  1  16 0.49
  1  17 0.62
  1  18 0.55
  1  19 0.54
  1  20 0.49
  1  21 0.59
  1  22 0.51
  2   1 0.62
  2   2 1.00
  2   3 0.32
  2   4 0.17
  2   5 0.41
  2   6 0.63
  2   7 0.36
  2   8 0.57
  2   9 0.42
  2  10 0.45
  2  11 0.36
  2  12 0.52
  2  13 0.44
  2  14 0.38
  2  15 0.56
  2  16 0.52
  2  17 0.59
  2  18 0.60
  2  19 0.45
  2  20 0.43
  2  21 0.67
  2  22 0.56
  3   1 0.28
  3   2 0.32
  3   3 1.00
  3   4 0.40
  3   5 0.28
  3   6 0.27
  3   7 0.15
  3   8 0.39
  3   9 0.21
  3  10 0.29
  3  11 0.29
  3  12 0.28
  3  13 0.24
  3  14 0.33
  3  15 0.29
  3  16 0.40
  3  17 0.26
  3  18 0.24
  3  19 0.23
  3  20 0.42
  3  21 0.26
  3  22 0.21
  4   1 0.12
  4   2 0.17
  4   3 0.40
  4   4 1.00
  4   5 0.19
  4   6 0.14
  4   7 0.02
  4   8 0.32
  4   9 0.14
  4  10 0.13
  4  11 0.22
  4  12 0.19
  4  13 0.13
  4  14 0.21
  4  15 0.11
  4  16 0.28
  4  17 0.12
  4  18 0.11
  4  19 0.14
  4  20 0.42
  4  21 0.15
  4  22 0.14
  5   1 0.61
  5   2 0.41
  5   3 0.28
  5   4 0.19
  5   5 1.00
  5   6 0.52
  5   7 0.31
  5   8 0.26
  5   9 0.44
  5  10 0.55
  5  11 0.44
  5  12 0.38
  5  13 0.50
  5  14 0.61
  5  15 0.61
  5  16 0.37
  5  17 0.43
  5  18 0.45
  5  19 0.43
  5  20 0.48
  5  21 0.39
  5  22 0.43
  6   1 0.65
  6   2 0.63
  6   3 0.27
  6   4 0.14
  6   5 0.52
  6   6 1.00
  6   7 0.51
  6   8 0.48
  6   9 0.54
  6  10 0.50
  6  11 0.48
  6  12 0.58
  6  13 0.57
  6  14 0.55
  6  15 0.69
  6  16 0.56
  6  17 0.59
  6  18 0.63
  6  19 0.57
  6  20 0.55
  6  21 0.71
  6  22 0.52
  7   1 0.42
  7   2 0.36
  7   3 0.15
  7   4 0.02
  7   5 0.31
  7   6 0.51
  7   7 1.00
  7   8 0.25
  7   9 0.30
  7  10 0.16
  7  11 0.17
  7  12 0.25
  7  13 0.30
  7  14 0.29
  7  15 0.51
  7  16 0.21
  7  17 0.23
  7  18 0.40
  7  19 0.23
  7  20 0.42
  7  21 0.39
  7  22 0.28
  8   1 0.39
  8   2 0.57
  8   3 0.39
  8   4 0.32
  8   5 0.26
  8   6 0.48
  8   7 0.25
  8   8 1.00
  8   9 0.34
  8  10 0.31
  8  11 0.31
  8  12 0.57
  8  13 0.37
  8  14 0.31
  8  15 0.39
  8  16 0.51
  8  17 0.44
  8  18 0.53
  8  19 0.41
  8  20 0.46
  8  21 0.62
  8  22 0.40
  9   1 0.52
  9   2 0.42
  9   3 0.21
  9   4 0.14
  9   5 0.44
  9   6 0.54
  9   7 0.30
  9   8 0.34
  9   9 1.00
  9  10 0.59
  9  11 0.57
  9  12 0.57
  9  13 0.50
  9  14 0.65
  9  15 0.57
  9  16 0.58
  9  17 0.52
  9  18 0.44
  9  19 0.64
  9  20 0.44
  9  21 0.48
  9  22 0.28
 10   1 0.55
 10   2 0.45
 10   3 0.29
 10   4 0.13
 10   5 0.55
 10   6 0.50
 10   7 0.16
 10   8 0.31
 10   9 0.59
 10  10 1.00
 10  11 0.62
 10  12 0.43
 10  13 0.55
 10  14 0.64
 10  15 0.61
 10  16 0.50
 10  17 0.63
 10  18 0.51
 10  19 0.62
 10  20 0.35
 10  21 0.41
 10  22 0.51
 11   1 0.50
 11   2 0.36
 11   3 0.29
 11   4 0.22
 11   5 0.44
 11   6 0.48
 11   7 0.17
 11   8 0.31
 11   9 0.57
 11  10 0.62
 11  11 1.00
 11  12 0.49
 11  13 0.47
 11  14 0.53
 11  15 0.55
 11  16 0.57
 11  17 0.60
 11  18 0.44
 11  19 0.54
 11  20 0.41
 11  21 0.47
 11  22 0.31
 12   1 0.52
 12   2 0.52
 12   3 0.28
 12   4 0.19
 12   5 0.38
 12   6 0.58
 12   7 0.25
 12   8 0.57
 12   9 0.57
 12  10 0.43
 12  11 0.49
 12  12 1.00
 12  13 0.46
 12  14 0.47
 12  15 0.50
 12  16 0.68
 12  17 0.57
 12  18 0.52
 12  19 0.59
 12  20 0.42
 12  21 0.64
 12  22 0.41
 13   1 0.50
 13   2 0.44
 13   3 0.24
 13   4 0.13
 13   5 0.50
 13   6 0.57
 13   7 0.30
 13   8 0.37
 13   9 0.50
 13  10 0.55
 13  11 0.47
 13  12 0.46
 13  13 1.00
 13  14 0.57
 13  15 0.55
 13  16 0.43
 13  17 0.50
 13  18 0.52
 13  19 0.55
 13  20 0.41
 13  21 0.51
 13  22 0.48
 14   1 0.57
 14   2 0.38
 14   3 0.33
 14   4 0.21
 14   5 0.61
 14   6 0.55
 14   7 0.29
 14   8 0.31
 14   9 0.65
 14  10 0.64
 14  11 0.53
 14  12 0.47
 14  13 0.57
 14  14 1.00
 14  15 0.62
 14  16 0.52
 14  17 0.51
 14  18 0.41
 14  19 0.63
 14  20 0.50
 14  21 0.41
 14  22 0.38
 15   1 0.70
 15   2 0.56
 15   3 0.29
 15   4 0.11
 15   5 0.61
 15   6 0.69
 15   7 0.51
 15   8 0.39
 15   9 0.57
 15  10 0.61
 15  11 0.55
 15  12 0.50
 15  13 0.55
 15  14 0.62
 15  15 1.00
 15  16 0.50
 15  17 0.59
 15  18 0.64
 15  19 0.54
 15  20 0.56
 15  21 0.56
 15  22 0.54
 16   1 0.49
 16   2 0.52
 16   3 0.40
 16   4 0.28
 16   5 0.37
 16   6 0.56
 16   7 0.21
 16   8 0.51
 16   9 0.58
 16  10 0.50
 16  11 0.57
 16  12 0.68
 16  13 0.43
 16  14 0.52
 16  15 0.50
 16  16 1.00
 16  17 0.60
 16  18 0.43
 16  19 0.62
 16  20 0.47
 16  21 0.60
 16  22 0.37
 17   1 0.62
 17   2 0.59
 17   3 0.26
 17   4 0.12
 17   5 0.43
 17   6 0.59
 17   7 0.23
 17   8 0.44
 17   9 0.52
 17  10 0.63
 17  11 0.60
 17  12 0.57
 17  13 0.50
 17  14 0.51
 17  15 0.59
 17  16 0.60
 17  17 1.00
 17  18 0.52
 17  19 0.57
 17  20 0.35
 17  21 0.62
 17  22 0.46
 18   1 0.55
 18   2 0.60
 18   3 0.24
 18   4 0.11
 18   5 0.45
 18   6 0.63
 18   7 0.40
 18   8 0.53
 18   9 0.44
 18  10 0.51
 18  11 0.44
 18  12 0.52
 18  13 0.52
 18  14 0.41
 18  15 0.64
 18  16 0.43
 18  17 0.52
 18  18 1.00
 18  19 0.49
 18  20 0.45
 18  21 0.60
 18  22 0.64
 19   1 0.54
 19   2 0.45
 19   3 0.23
 19   4 0.14
 19   5 0.43
 19   6 0.57
 19   7 0.23
 19   8 0.41
 19   9 0.64
 19  10 0.62
 19  11 0.54
 19  12 0.59
 19  13 0.55
 19  14 0.63
 19  15 0.54
 19  16 0.62
 19  17 0.57
 19  18 0.49
 19  19 1.00
 19  20 0.42
 19  21 0.54
 19  22 0.50
 20   1 0.49
 20   2 0.43
 20   3 0.42
 20   4 0.42
 20   5 0.48
 20   6 0.55
 20   7 0.42
 20   8 0.46
 20   9 0.44
 20  10 0.35
 20  11 0.41
 20  12 0.42
 20  13 0.41
 20  14 0.50
 20  15 0.56
 20  16 0.47
 20  17 0.35
 20  18 0.45
 20  19 0.42
 20  20 1.00
 20  21 0.42
 20  22 0.40
 21   1 0.59
 21   2 0.67
 21   3 0.26
 21   4 0.15
 21   5 0.39
 21   6 0.71
 21   7 0.39
 21   8 0.62
 21   9 0.48
 21  10 0.41
 21  11 0.47
 21  12 0.64
 21  13 0.51
 21  14 0.41
 21  15 0.56
 21  16 0.60
 21  17 0.62
 21  18 0.60
 21  19 0.54
 21  20 0.42
 21  21 1.00
 21  22 0.48
 22   1 0.51
 22   2 0.56
 22   3 0.21
 22   4 0.14
 22   5 0.43
 22   6 0.52
 22   7 0.28
 22   8 0.40
 22   9 0.28
 22  10 0.51
 22  11 0.31
 22  12 0.41
 22  13 0.48
 22  14 0.38
 22  15 0.54
 22  16 0.37
 22  17 0.46
 22  18 0.64
 22  19 0.50
 22  20 0.40
 22  21 0.48
 22  22 1.00
