  1   1 1.00
  1   2 0.54
  1   3 0.45
  1   5 0.28
  1   6 0.12
  1   8 0.49
  1   9 0.57
  1  10 0.45
  1  11 0.47
  1  12 0.40
  1  13 0.51
  1  14 0.57
  1  15 0.23
  1  16 0.50
  1  17 0.35
  1  18 0.45
  1  19 0.32
  1  20 0.42
  1  21 0.09
  1  22 0.14
  2   1 0.54
  2   2 1.00
  2   3 0.35
  2   5 0.30
  2   6 0.17
  2   8 0.52
  2   9 0.64
  2  10 0.39
  2  11 0.49
  2  12 0.36
  2  13 0.40
  2  14 0.56
  2  15 0.33
  2  16 0.54
  2  17 0.36
  2  18 0.44
  2  19 0.39
  2  20 0.34
  2  21 0.14
  2  22 0.18
  3   1 0.45
  3   2 0.35
  3   3 1.00
  3   5 0.27
  3   6 0.11
  3   8 0.37
  3   9 0.43
  3  10 0.61
  3  11 0.43
  3  12 0.49
  3  13 0.62
  3  14 0.47
  3  15 0.30
  3  16 0.51
  3  17 0.42
  3  18 0.44
  3  19 0.48
  3  20 0.41
  3  21 0.19
  3  22 0.16
  5   1 0.28
  5   2 0.30
  5   3 0.27
  5   5 1.00
  5   6 0.10
  5   8 0.36
  5   9 0.25
  5  10 0.32
  5  11 0.22
  5  12 0.29
  5  13 0.29
  5  14 0.37
  5  15 0.19
  5  16 0.33
  5  17 0.25
  5  18 0.22
  5  19 0.30
  5  20 0.30
  5  21 0.12
  5  22 0.13
  6   1 0.12
  6   2 0.17
  6   3 0.11
  6   5 0.10
  6   6 1.00
  6   8 0.13
  6   9 0.12
  6  10 0.16
  6  11 0.10
  6  12 0.31
  6  13 0.13
  6  14 0.29
  6  15 0.20
  6  16 0.29
  6  17 0.31
  6  18 0.08
  6  19 0.29
  6  20 0.12
  6  21 0.12
  6  22 0.23
  8   1 0.49
  8   2 0.52
  8   3 0.37
  8   5 0.36
  8   6 0.13
  8   8 1.00
  8   9 0.46
  8  10 0.42
  8  11 0.36
  8  12 0.42
  8  13 0.39
  8  14 0.54
  8  15 0.29
  8  16 0.47
  8  17 0.38
  8  18 0.39
  8  19 0.36
  8  20 0.39
  8  21 0.12
  8  22 0.12
  9   1 0.57
  9   2 0.64
  9   3 0.43
  9   5 0.25
  9   6 0.12
  9   8 0.46
  9   9 1.00
  9  10 0.40
  9  11 0.49
  9  12 0.34
  9  13 0.42
  9  14 0.57
  9  15 0.21
  9  16 0.58
  9  17 0.34
  9  18 0.58
  9  19 0.25
  9  20 0.30
  9  21 0.10
  9  22 0.15
 10   1 0.45
 10   2 0.39
 10   3 0.61
 10   5 0.32
 10   6 0.16
 10   8 0.42
 10   9 0.40
 10  10 1.00
 10  11 0.39
 10  12 0.51
 10  13 0.55
 10  14 0.56
 10  15 0.36
 10  16 0.57
 10  17 0.51
 10  18 0.41
 10  19 0.57
 10  20 0.47
 10  21 0.18
 10  22 0.19
 11   1 0.47
 11   2 0.49
 11   3 0.43
 11   5 0.22
 11   6 0.10
 11   8 0.36
 11   9 0.49
 11  10 0.39
 11  11 1.00
 11  12 0.34
 11  13 0.52
 11  14 0.46
 11  15 0.30
 11  16 0.50
 11  17 0.34
 11  18 0.52
 11  19 0.29
 11  20 0.38
 11  21 0.12
 11  22 0.14
 12   1 0.40
 12   2 0.36
 12   3 0.49
 12   5 0.29
 12   6 0.31
 12   8 0.42
 12   9 0.34
 12  10 0.51
 12  11 0.34
 12  12 1.00
 12  13 0.51
 12  14 0.61
 12  15 0.46
 12  16 0.61
 12  17 0.58
 12  18 0.39
 12  19 0.60
 12  20 0.47
 12  21 0.25
 12  22 0.32
 13   1 0.51
 13   2 0.40
 13   3 0.62
 13   5 0.29
 13   6 0.13
 13   8 0.39
 13   9 0.42
 13  10 0.55
 13  11 0.52
 13  12 0.51
 13  13 1.00
 13  14 0.59
 13  15 0.35
 13  16 0.61
 13  17 0.47
 13  18 0.65
 13  19 0.46
 13  20 0.63
 13  21 0.18
 13  22 0.22
 14   1 0.57
 14   2 0.56
 14   3 0.47
 14   5 0.37
 14   6 0.29
 14   8 0.54
 14   9 0.57
 14  10 0.56
 14  11 0.46
 14  12 0.61
 14  13 0.59
 14  14 1.00
 14  15 0.39
 14  16 0.68
 14  17 0.55
 14  18 0.52
 14  19 0.50
 14  20 0.52
 14  21 0.21
 14  22 0.27
 15   1 0.23
 15   2 0.33
 15   3 0.30
 15   5 0.19
 15   6 0.20
 15   8 0.29
 15   9 0.21
 15  10 0.36
 15  11 0.30
 15  12 0.46
 15  13 0.35
 15  14 0.39
 15  15 1.00
 15  16 0.41
 15  17 0.40
 15  18 0.25
 15  19 0.46
 15  20 0.41
 15  21 0.21
 15  22 0.22
 16   1 0.50
 16   2 0.54
 16   3 0.51
 16   5 0.33
 16   6 0.29
 16   8 0.47
 16   9 0.58
 16  10 0.57
 16  11 0.50
 16  12 0.61
 16  13 0.61
 16  14 0.68
 16  15 0.41
 16  16 1.00
 16  17 0.51
 16  18 0.60
 16  19 0.56
 16  20 0.52
 16  21 0.19
 16  22 0.28
 17   1 0.35
 17   2 0.36
 17   3 0.42
 17   5 0.25
 17   6 0.31
 17   8 0.38
 17   9 0.34
 17  10 0.51
 17  11 0.34
 17  12 0.58
 17  13 0.47
 17  14 0.55
 17  15 0.40
 17  16 0.51
 17  17 1.00
 17  18 0.35
 17  19 0.55
 17  20 0.46
 17  21 0.18
 17  22 0.28
 18   1 0.45
 18   2 0.44
 18   3 0.44
 18   5 0.22
 18   6 0.08
 18   8 0.39
 18   9 0.58
 18  10 0.41
 18  11 0.52
 18  12 0.39
 18  13 0.65
 18  14 0.52
 18  15 0.25
 18  16 0.60
 18  17 0.35
 18  18 1.00
 18  19 0.21
 18  20 0.40
 18  21 0.09
 18  22 0.16
 19   1 0.32
 19   2 0.39
 19   3 0.48
 19   5 0.30
 19   6 0.29
 19   8 0.36
 19   9 0.25
 19  10 0.57
 19  11 0.29
 19  12 0.60
 19  13 0.46
 19  14 0.50
 19  15 0.46
 19  16 0.56
 19  17 0.55
 19  18 0.21
 19  19 1.00
 19  20 0.49
 19  21 0.25
 19  22 0.31
 20   1 0.42
 20   2 0.34
 20   3 0.41
 20   5 0.30
 20   6 0.12
 20   8 0.39
 20   9 0.30
 20  10 0.47
 20  11 0.38
 20  12 0.47
 20  13 0.63
 20  14 0.52
 20  15 0.41
 20  16 0.52
 20  17 0.46
 20  18 0.40
 20  19 0.49
 20  20 1.00
 20  21 0.17
 20  22 0.21
 21   1 0.09
 21   2 0.14
 21   3 0.19
 21   5 0.12
 21   6 0.12
 21   8 0.12
 21   9 0.10
 21  10 0.18
 21  11 0.12
 21  12 0.25
 21  13 0.18
 21  14 0.21
 21  15 0.21
 21  16 0.19
 21  17 0.18
 21  18 0.09
 21  19 0.25
 21  20 0.17
 21  21 1.00
 21  22 0.14
 22   1 0.14
 22   2 0.18
 22   3 0.16
 22   5 0.13
 22   6 0.23
 22   8 0.12
 22   9 0.15
 22  10 0.19
 22  11 0.14
 22  12 0.32
 22  13 0.22
 22  14 0.27
 22  15 0.22
 22  16 0.28
 22  17 0.28
 22  18 0.16
 22  19 0.31
 22  20 0.21
 22  21 0.14
 22  22 1.00
