  1   1 1.00
  1   2 0.40
  1   3 0.61
  1   4 0.53
  1   5 0.69
  1   6 0.61
  1   7 0.35
  1   8 0.68
  1   9 0.47
  1  10 0.52
  1  11 0.57
  1  12 0.54
  1  13 0.60
  1  14 0.47
  1  15 0.74
  1  16 0.44
  1  17 0.55
  1  18 0.58
  1  19 0.65
  1  20 0.39
  1  21 0.46
  1  22 0.61
  2   1 0.40
  2   2 1.00
  2   3 0.28
  2   4 0.20
  2   5 0.24
  2   6 0.34
  2   7 0.30
  2   8 0.31
  2   9 0.24
  2  10 0.23
  2  11 0.26
  2  12 0.29
  2  13 0.27
  2  14 0.18
  2  15 0.26
  2  16 0.26
  2  17 0.27
  2  18 0.22
  2  19 0.28
  2  20 0.24
  2  21 0.20
  2  22 0.39
  3   1 0.61
  3   2 0.28
  3   3 1.00
  3   4 0.52
  3   5 0.68
  3   6 0.61
  3   7 0.27
  3   8 0.48
  3   9 0.75
  3  10 0.52
  3  11 0.57
  3  12 0.48
  3  13 0.72
  3  14 0.46
  3  15 0.59
  3  16 0.37
  3  17 0.58
  3  18 0.64
  3  19 0.46
  3  20 0.54
  3  21 0.36
  3  22 0.71
  4   1 0.53
  4   2 0.20
  4   3 0.52
  4   4 1.00
  4   5 0.46
  4   6 0.46
  4   7 0.39
  4   8 0.61
  4   9 0.45
  4  10 0.55
  4  11 0.66
  4  12 0.42
  4  13 0.43
  4  14 0.52
  4  15 0.57
  4  16 0.40
  4  17 0.49
  4  18 0.42
  4  19 0.42
  4  20 0.22
  4  21 0.31
  4  22 0.45
  5   1 0.69
  5   2 0.24
  5   3 0.68
  5   4 0.46
  5   5 1.00
  5   6 0.57
  5   7 0.32
  5   8 0.50
  5   9 0.59
  5  10 0.54
  5  11 0.58
  5  12 0.46
  5  13 0.62
  5  14 0.50
  5  15 0.60
  5  16 0.36
  5  17 0.60
  5  18 0.73
  5  19 0.42
  5  20 0.50
  5  21 0.38
  5  22 0.51
  6   1 0.61
  6   2 0.34
  6   3 0.61
  6   4 0.46
  6   5 0.57
  6   6 1.00
  6   7 0.34
  6   8 0.56
  6   9 0.62
  6  10 0.74
  6  11 0.74
  6  12 0.69
  6  13 0.64
  6  14 0.67
  6  15 0.59
  6  16 0.62
  6  17 0.68
  6  18 0.62
  6  19 0.49
  6  20 0.43
  6  21 0.51
  6  22 0.56
  7   1 0.35
  7   2 0.30
  7   3 0.27
  7   4 0.39
  7   5 0.32
  7   6 0.34
  7   7 1.00
  7   8 0.37
  7   9 0.20
  7  10 0.37
  7  11 0.33
  7  12 0.25
  7  13 0.25
  7  14 0.34
  7  15 0.32
  7  16 0.23
  7  17 0.31
  7  18 0.27
  7  19 0.36
  7  20 0.19
  7  21 0.22
  7  22 0.19
  8   1 0.68
  8   2 0.31
  8   3 0.48
  8   4 0.61
  8   5 0.50
  8   6 0.56
  8   7 0.37
  8   8 1.00
  8   9 0.40
  8  10 0.52
  8  11 0.61
  8  12 0.52
  8  13 0.43
  8  14 0.45
  8  15 0.69
  8  16 0.49
  8  17 0.52
  8  18 0.53
  8  19 0.58
  8  20 0.24
  8  21 0.30
  8  22 0.61
  9   1 0.47
  9   2 0.24
  9   3 0.75
  9   4 0.45
  9   5 0.59
  9   6 0.62
  9   7 0.20
  9   8 0.40
  9   9 1.00
  9  10 0.54
  9  11 0.63
  9  12 0.52
  9  13 0.65
  9  14 0.55
  9  15 0.49
  9  16 0.43
  9  17 0.53
  9  18 0.58
  9  19 0.38
  9  20 0.48
  9  21 0.43
  9  22 0.62
 10   1 0.52
 10   2 0.23
 10   3 0.52
 10   4 0.55
 10   5 0.54
 10   6 0.74
 10   7 0.37
 10   8 0.52
 10   9 0.54
 10  10 1.00
 10  11 0.70
 10  12 0.68
 10  13 0.59
 10  14 0.73
 10  15 0.54
 10  16 0.59
 10  17 0.70
 10  18 0.60
 10  19 0.46
 10  20 0.40
 10  21 0.55
 10  22 0.45
 11   1 0.57
 11   2 0.26
 11   3 0.57
 11   4 0.66
 11   5 0.58
 11   6 0.74
 11   7 0.33
 11   8 0.61
 11   9 0.63
 11  10 0.70
 11  11 1.00
 11  12 0.63
 11  13 0.56
 11  14 0.71
 11  15 0.59
 11  16 0.60
 11  17 0.67
 11  18 0.62
 11  19 0.46
 11  20 0.32
 11  21 0.47
 11  22 0.57
 12   1 0.54
 12   2 0.29
 12   3 0.48
 12   4 0.42
 12   5 0.46
 12   6 0.69
 12   7 0.25
 12   8 0.52
 12   9 0.52
 12  10 0.68
 12  11 0.63
 12  12 1.00
 12  13 0.65
 12  14 0.56
 12  15 0.55
 12  16 0.72
 12  17 0.60
 12  18 0.59
 12  19 0.51
 12  20 0.35
 12  21 0.60
 12  22 0.52
 13   1 0.60
 13   2 0.27
 13   3 0.72
 13   4 0.43
 13   5 0.62
 13   6 0.64
 13   7 0.25
 13   8 0.43
 13   9 0.65
 13  10 0.59
 13  11 0.56
 13  12 0.65
 13  13 1.00
 13  14 0.54
 13  15 0.60
 13  16 0.50
 13  17 0.64
 13  18 0.67
 13  19 0.57
 13  20 0.49
 13  21 0.63
 13  22 0.59
 14   1 0.47
 14   2 0.18
 14   3 0.46
 14   4 0.52
 14   5 0.50
 14   6 0.67
 14   7 0.34
 14   8 0.45
 14   9 0.55
 14  10 0.73
 14  11 0.71
 14  12 0.56
 14  13 0.54
 14  14 1.00
 14  15 0.49
 14  16 0.55
 14  17 0.63
 14  18 0.52
 14  19 0.41
 14  20 0.35
 14  21 0.52
 14  22 0.37
 15   1 0.74
 15   2 0.26
 15   3 0.59
 15   4 0.57
 15   5 0.60
 15   6 0.59
 15   7 0.32
 15   8 0.69
 15   9 0.49
 15  10 0.54
 15  11 0.59
 15  12 0.55
 15  13 0.60
 15  14 0.49
 15  15 1.00
 15  16 0.47
 15  17 0.52
 15  18 0.55
 15  19 0.60
 15  20 0.30
 15  21 0.44
 15  22 0.56
 16   1 0.44
 16   2 0.26
 16   3 0.37
 16   4 0.40
 16   5 0.36
 16   6 0.62
 16   7 0.23
 16   8 0.49
 16   9 0.43
 16  10 0.59
 16  11 0.60
 16  12 0.72
 16  13 0.50
 16  14 0.55
 16  15 0.47
 16  16 1.00
 16  17 0.58
 16  18 0.49
 16  19 0.44
 16  20 0.27
 16  21 0.50
 16  22 0.46
 17   1 0.55
 17   2 0.27
 17   3 0.58
 17   4 0.49
 17   5 0.60
 17   6 0.68
 17   7 0.31
 17   8 0.52
 17   9 0.53
 17  10 0.70
 17  11 0.67
 17  12 0.60
 17  13 0.64
 17  14 0.63
 17  15 0.52
 17  16 0.58
 17  17 1.00
 17  18 0.67
 17  19 0.49
 17  20 0.47
 17  21 0.53
 17  22 0.57
 18   1 0.58
 18   2 0.22
 18   3 0.64
 18   4 0.42
 18   5 0.73
 18   6 0.62
 18   7 0.27
 18   8 0.53
 18   9 0.58
 18  10 0.60
 18  11 0.62
 18  12 0.59
 18  13 0.67
 18  14 0.52
 18  15 0.55
 18  16 0.49
 18  17 0.67
 18  18 1.00
 18  19 0.49
 18  20 0.58
 18  21 0.53
 18  22 0.55
 19   1 0.65
 19   2 0.28
 19   3 0.46
 19   4 0.42
 19   5 0.42
 19   6 0.49
 19   7 0.36
 19   8 0.58
 19   9 0.38
 19  10 0.46
 19  11 0.46
 19  12 0.51
 19  13 0.57
 19  14 0.41
 19  15 0.60
 19  16 0.44
 19  17 0.49
 19  18 0.49
 19  19 1.00
 19  20 0.26
 19  21 0.46
 19  22 0.53
 20   1 0.39
 20   2 0.24
 20   3 0.54
 20   4 0.22
 20   5 0.50
 20   6 0.43
 20   7 0.19
 20   8 0.24
 20   9 0.48
 20  10 0.40
 20  11 0.32
 20  12 0.35
 20  13 0.49
 20  14 0.35
 20  15 0.30
 20  16 0.27
 20  17 0.47
 20  18 0.58
 20  19 0.26
 20  20 1.00
 20  21 0.43
 20  22 0.47
 21   1 0.46
 21   2 0.20
 21   3 0.36
 21   4 0.31
 21   5 0.38
 21   6 0.51
 21   7 0.22
 21   8 0.30
 21   9 0.43
 21  10 0.55
 21  11 0.47
 21  12 0.60
 21  13 0.63
 21  14 0.52
 21  15 0.44
 21  16 0.50
 21  17 0.53
 21  18 0.53
 21  19 0.46
 21  20 0.43
 21  21 1.00
 21  22 0.33
 22   1 0.61
 22   2 0.39
 22   3 0.71
 22   4 0.45
 22   5 0.51
 22   6 0.56
 22   7 0.19
 22   8 0.61
 22   9 0.62
 22  10 0.45
 22  11 0.57
 22  12 0.52
 22  13 0.59
 22  14 0.37
 22  15 0.56
 22  16 0.46
 22  17 0.57
 22  18 0.55
 22  19 0.53
 22  20 0.47
 22  21 0.33
 22  22 1.00
