  1   1 1.00
  1   2 0.70
  1   3 0.70
  1   4 0.42
  1   5 0.47
  1   6 0.50
  1   7 0.27
  1   8 0.53
  1   9 0.53
  1  10 0.52
  1  11 0.30
  1  12 0.47
  1  13 0.65
  1  14 0.33
  1  15 0.35
  1  16 0.29
  1  17 0.30
  1  18 0.35
  1  19 0.27
  1  20 0.49
  1  21 0.38
  1  22 0.51
  2   1 0.70
  2   2 1.00
  2   3 0.63
  2   4 0.49
  2   5 0.73
  2   6 0.48
  2   7 0.32
  2   8 0.57
  2   9 0.63
  2  10 0.63
  2  11 0.44
  2  12 0.57
  2  13 0.61
  2  14 0.44
  2  15 0.50
  2  16 0.36
  2  17 0.39
  2  18 0.33
  2  19 0.34
  2  20 0.49
  2  21 0.49
  2  22 0.60
  3   1 0.70
  3   2 0.63
  3   3 1.00
  3   4 0.42
  3   5 0.36
  3   6 0.36
  3   7 0.18
  3   8 0.45
  3   9 0.58
  3  10 0.45
  3  11 0.17
  3  12 0.27
  3  13 0.60
  3  14 0.30
  3  15 0.41
  3  16 0.18
  3  17 0.21
  3  18 0.29
  3  19 0.16
  3  20 0.33
  3  21 0.24
  3  22 0.49
  4   1 0.42
  4   2 0.49
  4   3 0.42
  4   4 1.00
  4   5 0.48
  4   6 0.55
  4   7 0.25
  4   8 0.58
  4   9 0.58
  4  10 0.39
  4  11 0.41
  4  12 0.40
  4  13 0.42
  4  14 0.34
  4  15 0.42
  4  16 0.24
  4  17 0.23
  4  18 0.42
  4  19 0.23
  4  20 0.48
  4  21 0.28
  4  22 0.45
  5   1 0.47
  5   2 0.73
  5   3 0.36
  5   4 0.48
  5   5 1.00
  5   6 0.52
  5   7 0.40
  5   8 0.64
  5   9 0.52
  5  10 0.57
  5  11 0.55
  5  12 0.72
  5  13 0.47
  5  14 0.47
  5  15 0.39
  5  16 0.41
  5  17 0.56
  5  18 0.33
  5  19 0.40
  5  20 0.53
  5  21 0.51
  5  22 0.50
  6   1 0.50
  6   2 0.48
  6   3 0.36
  6   4 0.55
  6   5 0.52
  6   6 1.00
  6   7 0.35
  6   8 0.74
  6   9 0.51
  6  10 0.46
  6  11 0.43
  6  12 0.65
  6  13 0.44
  6  14 0.38
  6  15 0.40
  6  16 0.56
  6  17 0.47
  6  18 0.58
  6  19 0.34
  6  20 0.54
  6  21 0.42
  6  22 0.61
  7   1 0.27
  7   2 0.32
  7   3 0.18
  7   4 0.25
  7   5 0.40
  7   6 0.35
  7   7 1.00
  7   8 0.40
  7   9 0.21
  7  10 0.40
  7  11 0.48
  7  12 0.58
  7  13 0.24
  7  14 0.20
  7  15 0.15
  7  16 0.52
  7  17 0.52
  7  18 0.45
  7  19 0.44
  7  20 0.34
  7  21 0.45
  7  22 0.32
  8   1 0.53
  8   2 0.57
  8   3 0.45
  8   4 0.58
  8   5 0.64
  8   6 0.74
  8   7 0.40
  8   8 1.00
  8   9 0.55
  8  10 0.64
  8  11 0.50
  8  12 0.67
  8  13 0.59
  8  14 0.45
  8  15 0.46
  8  16 0.47
  8  17 0.55
  8  18 0.55
  8  19 0.40
  8  20 0.66
  8  21 0.49
  8  22 0.58
  9   1 0.53
  9   2 0.63
  9   3 0.58
  9   4 0.58
  9   5 0.52
  9   6 0.51
  9   7 0.21
  9   8 0.55
  9   9 1.00
  9  10 0.64
  9  11 0.49
  9  12 0.46
  9  13 0.62
  9  14 0.53
  9  15 0.55
  9  16 0.21
  9  17 0.33
  9  18 0.49
  9  19 0.26
  9  20 0.50
  9  21 0.46
  9  22 0.74
 10   1 0.52
 10   2 0.63
 10   3 0.45
 10   4 0.39
 10   5 0.57
 10   6 0.46
 10   7 0.40
 10   8 0.64
 10   9 0.64
 10  10 1.00
 10  11 0.54
 10  12 0.64
 10  13 0.64
 10  14 0.54
 10  15 0.51
 10  16 0.36
 10  17 0.50
 10  18 0.54
 10  19 0.38
 10  20 0.54
 10  21 0.63
 10  22 0.68
 11   1 0.30
 11   2 0.44
 11   3 0.17
 11   4 0.41
 11   5 0.55
 11   6 0.43
 11   7 0.48
 11   8 0.50
 11   9 0.49
 11  10 0.54
 11  11 1.00
 11  12 0.64
 11  13 0.37
 11  14 0.52
 11  15 0.28
 11  16 0.34
 11  17 0.67
 11  18 0.52
 11  19 0.57
 11  20 0.46
 11  21 0.64
 11  22 0.47
 12   1 0.47
 12   2 0.57
 12   3 0.27
 12   4 0.40
 12   5 0.72
 12   6 0.65
 12   7 0.58
 12   8 0.67
 12   9 0.46
 12  10 0.64
 12  11 0.64
 12  12 1.00
 12  13 0.42
 12  14 0.48
 12  15 0.37
 12  16 0.59
 12  17 0.67
 12  18 0.56
 12  19 0.49
 12  20 0.55
 12  21 0.67
 12  22 0.62
 13   1 0.65
 13   2 0.61
 13   3 0.60
 13   4 0.42
 13   5 0.47
 13   6 0.44
 13   7 0.24
 13   8 0.59
 13   9 0.62
 13  10 0.64
 13  11 0.37
 13  12 0.42
 13  13 1.00
 13  14 0.51
 13  15 0.48
 13  16 0.27
 13  17 0.38
 13  18 0.51
 13  19 0.34
 13  20 0.39
 13  21 0.50
 13  22 0.66
 14   1 0.33
 14   2 0.44
 14   3 0.30
 14   4 0.34
 14   5 0.47
 14   6 0.38
 14   7 0.20
 14   8 0.45
 14   9 0.53
 14  10 0.54
 14  11 0.52
 14  12 0.48
 14  13 0.51
 14  14 1.00
 14  15 0.41
 14  16 0.21
 14  17 0.47
 14  18 0.51
 14  19 0.40
 14  20 0.38
 14  21 0.61
 14  22 0.67
 15   1 0.35
 15   2 0.50
 15   3 0.41
 15   4 0.42
 15   5 0.39
 15   6 0.40
 15   7 0.15
 15   8 0.46
 15   9 0.55
 15  10 0.51
 15  11 0.28
 15  12 0.37
 15  13 0.48
 15  14 0.41
 15  15 1.00
 15  16 0.28
 15  17 0.35
 15  18 0.34
 15  19 0.31
 15  20 0.33
 15  21 0.35
 15  22 0.56
 16   1 0.29
 16   2 0.36
 16   3 0.18
 16   4 0.24
 16   5 0.41
 16   6 0.56
 16   7 0.52
 16   8 0.47
 16   9 0.21
 16  10 0.36
 16  11 0.34
 16  12 0.59
 16  13 0.27
 16  14 0.21
 16  15 0.28
 16  16 1.00
 16  17 0.52
 16  18 0.37
 16  19 0.43
 16  20 0.28
 16  21 0.37
 16  22 0.37
 17   1 0.30
 17   2 0.39
 17   3 0.21
 17   4 0.23
 17   5 0.56
 17   6 0.47
 17   7 0.52
 17   8 0.55
 17   9 0.33
 17  10 0.50
 17  11 0.67
 17  12 0.67
 17  13 0.38
 17  14 0.47
 17  15 0.35
 17  16 0.52
 17  17 1.00
 17  18 0.55
 17  19 0.65
 17  20 0.34
 17  21 0.66
 17  22 0.47
 18   1 0.35
 18   2 0.33
 18   3 0.29
 18   4 0.42
 18   5 0.33
 18   6 0.58
 18   7 0.45
 18   8 0.55
 18   9 0.49
 18  10 0.54
 18  11 0.52
 18  12 0.56
 18  13 0.51
 18  14 0.51
 18  15 0.34
 18  16 0.37
 18  17 0.55
 18  18 1.00
 18  19 0.45
 18  20 0.37
 18  21 0.61
 18  22 0.70
 19   1 0.27
 19   2 0.34
 19   3 0.16
 19   4 0.23
 19   5 0.40
 19   6 0.34
 19   7 0.44
 19   8 0.40
 19   9 0.26
 19  10 0.38
 19  11 0.57
 19  12 0.49
 19  13 0.34
 19  14 0.40
 19  15 0.31
 19  16 0.43
 19  17 0.65
 19  18 0.45
 19  19 1.00
 19  20 0.21
 19  21 0.60
 19  22 0.40
 20   1 0.49
 20   2 0.49
 20   3 0.33
 20   4 0.48
 20   5 0.53
 20   6 0.54
 20   7 0.34
 20   8 0.66
 20   9 0.50
 20  10 0.54
 20  11 0.46
 20  12 0.55
 20  13 0.39
 20  14 0.38
 20  15 0.33
 20  16 0.28
 20  17 0.34
 20  18 0.37
 20  19 0.21
 20  20 1.00
 20  21 0.35
 20  22 0.42
 21   1 0.38
 21   2 0.49
 21   3 0.24
 21   4 0.28
 21   5 0.51
 21   6 0.42
 21   7 0.45
 21   8 0.49
 21   9 0.46
 21  10 0.63
 21  11 0.64
 21  12 0.67
 21  13 0.50
 21  14 0.61
 21  15 0.35
 21  16 0.37
 21  17 0.66
 21  18 0.61
 21  19 0.60
 21  20 0.35
 21  21 1.00
 21  22 0.65
 22   1 0.51
 22   2 0.60
 22   3 0.49
 22   4 0.45
 22   5 0.50
 22   6 0.61
 22   7 0.32
 22   8 0.58
 22   9 0.74
 22  10 0.68
 22  11 0.47
 22  12 0.62
 22  13 0.66
 22  14 0.67
 22  15 0.56
 22  16 0.37
 22  17 0.47
 22  18 0.70
 22  19 0.40
 22  20 0.42
 22  21 0.65
 22  22 1.00
