  1   1 1.00
  1   2 0.81
  1   3 0.53
  1   4 0.43
  1   5 0.65
  1   6 0.29
  1   7 0.42
  1   8 0.40
  1   9 0.42
  1  10 0.61
  1  11 0.75
  1  12 0.44
  1  13 0.55
  1  14 0.57
  1  15 0.46
  1  16 0.55
  1  17 0.55
  1  18 0.41
  1  19 0.38
  1  20 0.62
  1  21 0.34
  1  22 0.33
  2   1 0.81
  2   2 1.00
  2   3 0.58
  2   4 0.54
  2   5 0.63
  2   6 0.24
  2   7 0.44
  2   8 0.44
  2   9 0.41
  2  10 0.61
  2  11 0.80
  2  12 0.46
  2  13 0.62
  2  14 0.64
  2  15 0.44
  2  16 0.51
  2  17 0.53
  2  18 0.46
  2  19 0.32
  2  20 0.58
  2  21 0.38
  2  22 0.38
  3   1 0.53
  3   2 0.58
  3   3 1.00
  3   4 0.63
  3   5 0.58
  3   6 0.51
  3   7 0.37
  3   8 0.49
  3   9 0.72
  3  10 0.56
  3  11 0.55
  3  12 0.61
  3  13 0.57
  3  14 0.66
  3  15 0.60
  3  16 0.62
  3  17 0.43
  3  18 0.68
  3  19 0.58
  3  20 0.80
  3  21 0.61
  3  22 0.68
  4   1 0.43
  4   2 0.54
  4   3 0.63
  4   4 1.00
  4   5 0.50
  4   6 0.35
  4   7 0.34
  4   8 0.46
  4   9 0.49
  4  10 0.51
  4  11 0.49
  4  12 0.65
  4  13 0.65
  4  14 0.55
  4  15 0.51
  4  16 0.63
  4  17 0.38
  4  18 0.74
  4  19 0.37
  4  20 0.57
  4  21 0.53
  4  22 0.61
  5   1 0.65
  5   2 0.63
  5   3 0.58
  5   4 0.50
  5   5 1.00
  5   6 0.49
  5   7 0.59
  5   8 0.60
  5   9 0.65
  5  10 0.83
  5  11 0.69
  5  12 0.68
  5  13 0.71
  5  14 0.68
  5  15 0.72
  5  16 0.73
  5  17 0.82
  5  18 0.66
  5  19 0.62
  5  20 0.73
  5  21 0.69
  5  22 0.51
  6   1 0.29
  6   2 0.24
  6   3 0.51
  6   4 0.35
  6   5 0.49
  6   6 1.00
  6   7 0.35
  6   8 0.50
  6   9 0.68
  6  10 0.50
  6  11 0.33
  6  12 0.46
  6  13 0.41
  6  14 0.47
  6  15 0.64
  6  16 0.51
  6  17 0.47
  6  18 0.60
  6  19 0.83
  6  20 0.67
  6  21 0.64
  6  22 0.51
  7   1 0.42
  7   2 0.44
  7   3 0.37
  7   4 0.34
  7   5 0.59
  7   6 0.35
  7   7 1.00
  7   8 0.74
  7   9 0.49
  7  10 0.63
  7  11 0.46
  7  12 0.43
  7  13 0.56
  7  14 0.51
  7  15 0.34
  7  16 0.40
  7  17 0.55
  7  18 0.48
  7  19 0.46
  7  20 0.44
  7  21 0.49
  7  22 0.41
  8   1 0.40
  8   2 0.44
  8   3 0.49
  8   4 0.46
  8   5 0.60
  8   6 0.50
  8   7 0.74
  8   8 1.00
  8   9 0.64
  8  10 0.68
  8  11 0.51
  8  12 0.56
  8  13 0.67
  8  14 0.67
  8  15 0.41
  8  16 0.50
  8  17 0.56
  8  18 0.62
  8  19 0.59
  8  20 0.55
  8  21 0.57
  8  22 0.54
  9   1 0.42
  9   2 0.41
  9   3 0.72
  9   4 0.49
  9   5 0.65
  9   6 0.68
  9   7 0.49
  9   8 0.64
  9   9 1.00
  9  10 0.62
  9  11 0.48
  9  12 0.60
  9  13 0.58
  9  14 0.71
  9  15 0.61
  9  16 0.61
  9  17 0.53
  9  18 0.68
  9  19 0.77
  9  20 0.76
  9  21 0.71
  9  22 0.65
 10   1 0.61
 10   2 0.61
 10   3 0.56
 10   4 0.51
 10   5 0.83
 10   6 0.50
 10   7 0.63
 10   8 0.68
 10   9 0.62
 10  10 1.00
 10  11 0.69
 10  12 0.64
 10  13 0.76
 10  14 0.74
 10  15 0.66
 10  16 0.71
 10  17 0.79
 10  18 0.66
 10  19 0.65
 10  20 0.73
 10  21 0.66
 10  22 0.52
 11   1 0.75
 11   2 0.80
 11   3 0.55
 11   4 0.49
 11   5 0.69
 11   6 0.33
 11   7 0.46
 11   8 0.51
 11   9 0.48
 11  10 0.69
 11  11 1.00
 11  12 0.53
 11  13 0.64
 11  14 0.67
 11  15 0.52
 11  16 0.57
 11  17 0.63
 11  18 0.53
 11  19 0.42
 11  20 0.63
 11  21 0.47
 11  22 0.41
 12   1 0.44
 12   2 0.46
 12   3 0.61
 12   4 0.65
 12   5 0.68
 12   6 0.46
 12   7 0.43
 12   8 0.56
 12   9 0.60
 12  10 0.64
 12  11 0.53
 12  12 1.00
 12  13 0.74
 12  14 0.58
 12  15 0.64
 12  16 0.76
 12  17 0.61
 12  18 0.85
 12  19 0.50
 12  20 0.63
 12  21 0.64
 12  22 0.74
 13   1 0.55
 13   2 0.62
 13   3 0.57
 13   4 0.65
 13   5 0.71
 13   6 0.41
 13   7 0.56
 13   8 0.67
 13   9 0.58
 13  10 0.76
 13  11 0.64
 13  12 0.74
 13  13 1.00
 13  14 0.68
 13  15 0.55
 13  16 0.73
 13  17 0.60
 13  18 0.75
 13  19 0.48
 13  20 0.62
 13  21 0.59
 13  22 0.62
 14   1 0.57
 14   2 0.64
 14   3 0.66
 14   4 0.55
 14   5 0.68
 14   6 0.47
 14   7 0.51
 14   8 0.67
 14   9 0.71
 14  10 0.74
 14  11 0.67
 14  12 0.58
 14  13 0.68
 14  14 1.00
 14  15 0.53
 14  16 0.58
 14  17 0.60
 14  18 0.67
 14  19 0.59
 14  20 0.71
 14  21 0.57
 14  22 0.51
 15   1 0.46
 15   2 0.44
 15   3 0.60
 15   4 0.51
 15   5 0.72
 15   6 0.64
 15   7 0.34
 15   8 0.41
 15   9 0.61
 15  10 0.66
 15  11 0.52
 15  12 0.64
 15  13 0.55
 15  14 0.53
 15  15 1.00
 15  16 0.75
 15  17 0.66
 15  18 0.68
 15  19 0.63
 15  20 0.77
 15  21 0.62
 15  22 0.56
 16   1 0.55
 16   2 0.51
 16   3 0.62
 16   4 0.63
 16   5 0.73
 16   6 0.51
 16   7 0.40
 16   8 0.50
 16   9 0.61
 16  10 0.71
 16  11 0.57
 16  12 0.76
 16  13 0.73
 16  14 0.58
 16  15 0.75
 16  16 1.00
 16  17 0.63
 16  18 0.77
 16  19 0.53
 16  20 0.73
 16  21 0.64
 16  22 0.61
 17   1 0.55
 17   2 0.53
 17   3 0.43
 17   4 0.38
 17   5 0.82
 17   6 0.47
 17   7 0.55
 17   8 0.56
 17   9 0.53
 17  10 0.79
 17  11 0.63
 17  12 0.61
 17  13 0.60
 17  14 0.60
 17  15 0.66
 17  16 0.63
 17  17 1.00
 17  18 0.59
 17  19 0.59
 17  20 0.65
 17  21 0.62
 17  22 0.42
 18   1 0.41
 18   2 0.46
 18   3 0.68
 18   4 0.74
 18   5 0.66
 18   6 0.60
 18   7 0.48
 18   8 0.62
 18   9 0.68
 18  10 0.66
 18  11 0.53
 18  12 0.85
 18  13 0.75
 18  14 0.67
 18  15 0.68
 18  16 0.77
 18  17 0.59
 18  18 1.00
 18  19 0.62
 18  20 0.69
 18  21 0.72
 18  22 0.74
 19   1 0.38
 19   2 0.32
 19   3 0.58
 19   4 0.37
 19   5 0.62
 19   6 0.83
 19   7 0.46
 19   8 0.59
 19   9 0.77
 19  10 0.65
 19  11 0.42
 19  12 0.50
 19  13 0.48
 19  14 0.59
 19  15 0.63
 19  16 0.53
 19  17 0.59
 19  18 0.62
 19  19 1.00
 19  20 0.76
 19  21 0.72
 19  22 0.55
 20   1 0.62
 20   2 0.58
 20   3 0.80
 20   4 0.57
 20   5 0.73
 20   6 0.67
 20   7 0.44
 20   8 0.55
 20   9 0.76
 20  10 0.73
 20  11 0.63
 20  12 0.63
 20  13 0.62
 20  14 0.71
 20  15 0.77
 20  16 0.73
 20  17 0.65
 20  18 0.69
 20  19 0.76
 20  20 1.00
 20  21 0.69
 20  22 0.61
 21   1 0.34
 21   2 0.38
 21   3 0.61
 21   4 0.53
 21   5 0.69
 21   6 0.64
 21   7 0.49
 21   8 0.57
 21   9 0.71
 21  10 0.66
 21  11 0.47
 21  12 0.64
 21  13 0.59
 21  14 0.57
 21  15 0.62
 21  16 0.64
 21  17 0.62
 21  18 0.72
 21  19 0.72
 21  20 0.69
 21  21 1.00
 21  22 0.63
 22   1 0.33
 22   2 0.38
 22   3 0.68
 22   4 0.61
 22   5 0.51
 22   6 0.51
 22   7 0.41
 22   8 0.54
 22   9 0.65
 22  10 0.52
 22  11 0.41
 22  12 0.74
 22  13 0.62
 22  14 0.51
 22  15 0.56
 22  16 0.61
 22  17 0.42
 22  18 0.74
 22  19 0.55
 22  20 0.61
 22  21 0.63
 22  22 1.00
