  1   1 1.00
  1   2 0.63
  1   3 0.53
  1   4 0.55
  1   5 0.62
  1   6 0.68
  1   7 0.33
  1   8 0.53
  1   9 0.58
  1  10 0.58
  1  11 0.53
  1  12 0.70
  1  13 0.51
  1  14 0.68
  1  15 0.58
  1  16 0.62
  1  17 0.68
  1  18 0.61
  1  19 0.63
  1  20 0.63
  1  21 0.61
  1  22 0.24
  2   1 0.63
  2   2 1.00
  2   3 0.59
  2   4 0.33
  2   5 0.53
  2   6 0.37
  2   7 0.25
  2   8 0.36
  2   9 0.60
  2  10 0.52
  2  11 0.50
  2  12 0.55
  2  13 0.64
  2  14 0.65
  2  15 0.53
  2  16 0.51
  2  17 0.45
  2  18 0.40
  2  19 0.39
  2  20 0.56
  2  21 0.44
  2  22 0.40
  3   1 0.53
  3   2 0.59
  3   3 1.00
  3   4 0.32
  3   5 0.72
  3   6 0.42
  3   7 0.21
  3   8 0.33
  3   9 0.81
  3  10 0.68
  3  11 0.55
  3  12 0.61
  3  13 0.65
  3  14 0.66
  3  15 0.48
  3  16 0.58
  3  17 0.52
  3  18 0.43
  3  19 0.40
  3  20 0.66
  3  21 0.39
  3  22 0.30
  4   1 0.55
  4   2 0.33
  4   3 0.32
  4   4 1.00
  4   5 0.42
  4   6 0.40
  4   7 0.20
  4   8 0.33
  4   9 0.34
  4  10 0.41
  4  11 0.40
  4  12 0.58
  4  13 0.31
  4  14 0.43
  4  15 0.39
  4  16 0.37
  4  17 0.41
  4  18 0.43
  4  19 0.35
  4  20 0.37
  4  21 0.51
  4  22 0.19
  5   1 0.62
  5   2 0.53
  5   3 0.72
  5   4 0.42
  5   5 1.00
  5   6 0.50
  5   7 0.28
  5   8 0.36
  5   9 0.70
  5  10 0.79
  5  11 0.71
  5  12 0.72
  5  13 0.62
  5  14 0.71
  5  15 0.58
  5  16 0.61
  5  17 0.63
  5  18 0.53
  5  19 0.44
  5  20 0.78
  5  21 0.43
  5  22 0.26
  6   1 0.68
  6   2 0.37
  6   3 0.42
  6   4 0.40
  6   5 0.50
  6   6 1.00
  6   7 0.38
  6   8 0.69
  6   9 0.46
  6  10 0.42
  6  11 0.52
  6  12 0.53
  6  13 0.48
  6  14 0.55
  6  15 0.61
  6  16 0.60
  6  17 0.69
  6  18 0.74
  6  19 0.75
  6  20 0.63
  6  21 0.69
  6  22 0.18
  7   1 0.33
  7   2 0.25
  7   3 0.21
  7   4 0.20
  7   5 0.28
  7   6 0.38
  7   7 1.00
  7   8 0.60
  7   9 0.23
  7  10 0.28
  7  11 0.27
  7  12 0.25
  7  13 0.37
  7  14 0.40
  7  15 0.44
  7  16 0.44
  7  17 0.31
  7  18 0.47
  7  19 0.47
  7  20 0.36
  7  21 0.41
  7  22 0.17
  8   1 0.53
  8   2 0.36
  8   3 0.33
  8   4 0.33
  8   5 0.36
  8   6 0.69
  8   7 0.60
  8   8 1.00
  8   9 0.38
  8  10 0.40
  8  11 0.45
  8  12 0.41
  8  13 0.47
  8  14 0.49
  8  15 0.56
  8  16 0.63
  8  17 0.56
  8  18 0.67
  8  19 0.77
  8  20 0.48
  8  21 0.74
  8  22 0.22
  9   1 0.58
  9   2 0.60
  9   3 0.81
  9   4 0.34
  9   5 0.70
  9   6 0.46
  9   7 0.23
  9   8 0.38
  9   9 1.00
  9  10 0.70
  9  11 0.58
  9  12 0.65
  9  13 0.70
  9  14 0.68
  9  15 0.51
  9  16 0.62
  9  17 0.56
  9  18 0.47
  9  19 0.47
  9  20 0.67
  9  21 0.45
  9  22 0.30
 10   1 0.58
 10   2 0.52
 10   3 0.68
 10   4 0.41
 10   5 0.79
 10   6 0.42
 10   7 0.28
 10   8 0.40
 10   9 0.70
 10  10 1.00
 10  11 0.61
 10  12 0.66
 10  13 0.61
 10  14 0.64
 10  15 0.59
 10  16 0.67
 10  17 0.56
 10  18 0.51
 10  19 0.45
 10  20 0.64
 10  21 0.46
 10  22 0.32
 11   1 0.53
 11   2 0.50
 11   3 0.55
 11   4 0.40
 11   5 0.71
 11   6 0.52
 11   7 0.27
 11   8 0.45
 11   9 0.58
 11  10 0.61
 11  11 1.00
 11  12 0.65
 11  13 0.55
 11  14 0.65
 11  15 0.60
 11  16 0.54
 11  17 0.67
 11  18 0.60
 11  19 0.51
 11  20 0.68
 11  21 0.49
 11  22 0.21
 12   1 0.70
 12   2 0.55
 12   3 0.61
 12   4 0.58
 12   5 0.72
 12   6 0.53
 12   7 0.25
 12   8 0.41
 12   9 0.65
 12  10 0.66
 12  11 0.65
 12  12 1.00
 12  13 0.55
 12  14 0.66
 12  15 0.53
 12  16 0.58
 12  17 0.70
 12  18 0.53
 12  19 0.51
 12  20 0.68
 12  21 0.57
 12  22 0.22
 13   1 0.51
 13   2 0.64
 13   3 0.65
 13   4 0.31
 13   5 0.62
 13   6 0.48
 13   7 0.37
 13   8 0.47
 13   9 0.70
 13  10 0.61
 13  11 0.55
 13  12 0.55
 13  13 1.00
 13  14 0.70
 13  15 0.62
 13  16 0.67
 13  17 0.48
 13  18 0.57
 13  19 0.53
 13  20 0.68
 13  21 0.49
 13  22 0.42
 14   1 0.68
 14   2 0.65
 14   3 0.66
 14   4 0.43
 14   5 0.71
 14   6 0.55
 14   7 0.40
 14   8 0.49
 14   9 0.68
 14  10 0.64
 14  11 0.65
 14  12 0.66
 14  13 0.70
 14  14 1.00
 14  15 0.66
 14  16 0.67
 14  17 0.67
 14  18 0.61
 14  19 0.58
 14  20 0.74
 14  21 0.56
 14  22 0.33
 15   1 0.58
 15   2 0.53
 15   3 0.48
 15   4 0.39
 15   5 0.58
 15   6 0.61
 15   7 0.44
 15   8 0.56
 15   9 0.51
 15  10 0.59
 15  11 0.60
 15  12 0.53
 15  13 0.62
 15  14 0.66
 15  15 1.00
 15  16 0.65
 15  17 0.63
 15  18 0.69
 15  19 0.59
 15  20 0.68
 15  21 0.59
 15  22 0.43
 16   1 0.62
 16   2 0.51
 16   3 0.58
 16   4 0.37
 16   5 0.61
 16   6 0.60
 16   7 0.44
 16   8 0.63
 16   9 0.62
 16  10 0.67
 16  11 0.54
 16  12 0.58
 16  13 0.67
 16  14 0.67
 16  15 0.65
 16  16 1.00
 16  17 0.58
 16  18 0.65
 16  19 0.66
 16  20 0.64
 16  21 0.62
 16  22 0.39
 17   1 0.68
 17   2 0.45
 17   3 0.52
 17   4 0.41
 17   5 0.63
 17   6 0.69
 17   7 0.31
 17   8 0.56
 17   9 0.56
 17  10 0.56
 17  11 0.67
 17  12 0.70
 17  13 0.48
 17  14 0.67
 17  15 0.63
 17  16 0.58
 17  17 1.00
 17  18 0.69
 17  19 0.66
 17  20 0.68
 17  21 0.64
 17  22 0.21
 18   1 0.61
 18   2 0.40
 18   3 0.43
 18   4 0.43
 18   5 0.53
 18   6 0.74
 18   7 0.47
 18   8 0.67
 18   9 0.47
 18  10 0.51
 18  11 0.60
 18  12 0.53
 18  13 0.57
 18  14 0.61
 18  15 0.69
 18  16 0.65
 18  17 0.69
 18  18 1.00
 18  19 0.76
 18  20 0.62
 18  21 0.69
 18  22 0.26
 19   1 0.63
 19   2 0.39
 19   3 0.40
 19   4 0.35
 19   5 0.44
 19   6 0.75
 19   7 0.47
 19   8 0.77
 19   9 0.47
 19  10 0.45
 19  11 0.51
 19  12 0.51
 19  13 0.53
 19  14 0.58
 19  15 0.59
 19  16 0.66
 19  17 0.66
 19  18 0.76
 19  19 1.00
 19  20 0.57
 19  21 0.69
 19  22 0.22
 20   1 0.63
 20   2 0.56
 20   3 0.66
 20   4 0.37
 20   5 0.78
 20   6 0.63
 20   7 0.36
 20   8 0.48
 20   9 0.67
 20  10 0.64
 20  11 0.68
 20  12 0.68
 20  13 0.68
 20  14 0.74
 20  15 0.68
 20  16 0.64
 20  17 0.68
 20  18 0.62
 20  19 0.57
 20  20 1.00
 20  21 0.51
 20  22 0.30
 21   1 0.61
 21   2 0.44
 21   3 0.39
 21   4 0.51
 21   5 0.43
 21   6 0.69
 21   7 0.41
 21   8 0.74
 21   9 0.45
 21  10 0.46
 21  11 0.49
 21  12 0.57
 21  13 0.49
 21  14 0.56
 21  15 0.59
 21  16 0.62
 21  17 0.64
 21  18 0.69
 21  19 0.69
 21  20 0.51
 21  21 1.00
 21  22 0.23
 22   1 0.24
 22   2 0.40
 22   3 0.30
 22   4 0.19
 22   5 0.26
 22   6 0.18
 22   7 0.17
 22   8 0.22
 22   9 0.30
 22  10 0.32
 22  11 0.21
 22  12 0.22
 22  13 0.42
 22  14 0.33
 22  15 0.43
 22  16 0.39
 22  17 0.21
 22  18 0.26
 22  19 0.22
 22  20 0.30
 22  21 0.23
 22  22 1.00
