  1   1 1.00
  1   2 0.21
  1   3 0.37
  1   5 0.49
  1   6 0.57
  1   7 0.20
  1   8 0.29
  1   9 0.21
  1  10 0.46
  1  11 0.48
  1  12 0.43
  1  13 0.44
  1  14 0.31
  1  15 0.35
  1  16 0.45
  1  17 0.41
  1  18 0.46
  1  19 0.39
  1  20 0.41
  1  21 0.43
  1  22 0.44
  2   1 0.21
  2   2 1.00
  2   3 0.09
  2   5 0.20
  2   6 0.25
  2   7 0.11
  2   8 0.10
  2   9 0.06
  2  10 0.23
  2  11 0.13
  2  12 0.21
  2  13 0.20
  2  14 0.12
  2  15 0.15
  2  16 0.17
  2  17 0.13
  2  18 0.17
  2  19 0.16
  2  20 0.21
  2  21 0.15
  2  22 0.25
  3   1 0.37
  3   2 0.09
  3   3 1.00
  3   5 0.31
  3   6 0.32
  3   7 0.19
  3   8 0.37
  3   9 0.22
  3  10 0.38
  3  11 0.38
  3  12 0.36
  3  13 0.29
  3  14 0.14
  3  15 0.27
  3  16 0.34
  3  17 0.26
  3  18 0.23
  3  19 0.25
  3  20 0.30
  3  21 0.26
  3  22 0.25
  5   1 0.49
  5   2 0.20
  5   3 0.31
  5   5 1.00
  5   6 0.54
  5   7 0.14
  5   8 0.27
  5   9 0.17
  5  10 0.41
  5  11 0.36
  5  12 0.41
  5  13 0.32
  5  14 0.37
  5  15 0.22
  5  16 0.44
  5  17 0.38
  5  18 0.39
  5  19 0.31
  5  20 0.47
  5  21 0.35
  5  22 0.39
  6   1 0.57
  6   2 0.25
  6   3 0.32
  6   5 0.54
  6   6 1.00
  6   7 0.20
  6   8 0.38
  6   9 0.23
  6  10 0.60
  6  11 0.39
  6  12 0.52
  6  13 0.48
  6  14 0.31
  6  15 0.29
  6  16 0.58
  6  17 0.45
  6  18 0.49
  6  19 0.45
  6  20 0.43
  6  21 0.48
  6  22 0.48
  7   1 0.20
  7   2 0.11
  7   3 0.19
  7   5 0.14
  7   6 0.20
  7   7 1.00
  7   8 0.37
  7   9 0.11
  7  10 0.33
  7  11 0.18
  7  12 0.28
  7  13 0.19
  7  14 0.08
  7  15 0.28
  7  16 0.33
  7  17 0.29
  7  18 0.28
  7  19 0.34
  7  20 0.11
  7  21 0.38
  7  22 0.44
  8   1 0.29
  8   2 0.10
  8   3 0.37
  8   5 0.27
  8   6 0.38
  8   7 0.37
  8   8 1.00
  8   9 0.16
  8  10 0.35
  8  11 0.31
  8  12 0.41
  8  13 0.20
  8  14 0.13
  8  15 0.36
  8  16 0.39
  8  17 0.31
  8  18 0.43
  8  19 0.36
  8  20 0.16
  8  21 0.45
  8  22 0.35
  9   1 0.21
  9   2 0.06
  9   3 0.22
  9   5 0.17
  9   6 0.23
  9   7 0.11
  9   8 0.16
  9   9 1.00
  9  10 0.22
  9  11 0.20
  9  12 0.14
  9  13 0.12
  9  14 0.11
  9  15 0.14
  9  16 0.18
  9  17 0.15
  9  18 0.18
  9  19 0.18
  9  20 0.05
  9  21 0.16
  9  22 0.18
 10   1 0.46
 10   2 0.23
 10   3 0.38
 10   5 0.41
 10   6 0.60
 10   7 0.33
 10   8 0.35
 10   9 0.22
 10  10 1.00
 10  11 0.39
 10  12 0.48
 10  13 0.40
 10  14 0.21
 10  15 0.32
 10  16 0.57
 10  17 0.47
 10  18 0.48
 10  19 0.47
 10  20 0.35
 10  21 0.46
 10  22 0.48
 11   1 0.48
 11   2 0.13
 11   3 0.38
 11   5 0.36
 11   6 0.39
 11   7 0.18
 11   8 0.31
 11   9 0.20
 11  10 0.39
 11  11 1.00
 11  12 0.44
 11  13 0.34
 11  14 0.18
 11  15 0.31
 11  16 0.48
 11  17 0.45
 11  18 0.49
 11  19 0.59
 11  20 0.34
 11  21 0.41
 11  22 0.45
 12   1 0.43
 12   2 0.21
 12   3 0.36
 12   5 0.41
 12   6 0.52
 12   7 0.28
 12   8 0.41
 12   9 0.14
 12  10 0.48
 12  11 0.44
 12  12 1.00
 12  13 0.33
 12  14 0.24
 12  15 0.40
 12  16 0.56
 12  17 0.49
 12  18 0.45
 12  19 0.50
 12  20 0.34
 12  21 0.49
 12  22 0.55
 13   1 0.44
 13   2 0.20
 13   3 0.29
 13   5 0.32
 13   6 0.48
 13   7 0.19
 13   8 0.20
 13   9 0.12
 13  10 0.40
 13  11 0.34
 13  12 0.33
 13  13 1.00
 13  14 0.19
 13  15 0.28
 13  16 0.37
 13  17 0.29
 13  18 0.31
 13  19 0.33
 13  20 0.40
 13  21 0.36
 13  22 0.32
 14   1 0.31
 14   2 0.12
 14   3 0.14
 14   5 0.37
 14   6 0.31
 14   7 0.08
 14   8 0.13
 14   9 0.11
 14  10 0.21
 14  11 0.18
 14  12 0.24
 14  13 0.19
 14  14 1.00
 14  15 0.17
 14  16 0.28
 14  17 0.30
 14  18 0.23
 14  19 0.19
 14  20 0.21
 14  21 0.25
 14  22 0.19
 15   1 0.35
 15   2 0.15
 15   3 0.27
 15   5 0.22
 15   6 0.29
 15   7 0.28
 15   8 0.36
 15   9 0.14
 15  10 0.32
 15  11 0.31
 15  12 0.40
 15  13 0.28
 15  14 0.17
 15  15 1.00
 15  16 0.43
 15  17 0.33
 15  18 0.32
 15  19 0.36
 15  20 0.24
 15  21 0.42
 15  22 0.39
 16   1 0.45
 16   2 0.17
 16   3 0.34
 16   5 0.44
 16   6 0.58
 16   7 0.33
 16   8 0.39
 16   9 0.18
 16  10 0.57
 16  11 0.48
 16  12 0.56
 16  13 0.37
 16  14 0.28
 16  15 0.43
 16  16 1.00
 16  17 0.64
 16  18 0.54
 16  19 0.64
 16  20 0.38
 16  21 0.63
 16  22 0.53
 17   1 0.41
 17   2 0.13
 17   3 0.26
 17   5 0.38
 17   6 0.45
 17   7 0.29
 17   8 0.31
 17   9 0.15
 17  10 0.47
 17  11 0.45
 17  12 0.49
 17  13 0.29
 17  14 0.30
 17  15 0.33
 17  16 0.64
 17  17 1.00
 17  18 0.58
 17  19 0.54
 17  20 0.33
 17  21 0.58
 17  22 0.55
 18   1 0.46
 18   2 0.17
 18   3 0.23
 18   5 0.39
 18   6 0.49
 18   7 0.28
 18   8 0.43
 18   9 0.18
 18  10 0.48
 18  11 0.49
 18  12 0.45
 18  13 0.31
 18  14 0.23
 18  15 0.32
 18  16 0.54
 18  17 0.58
 18  18 1.00
 18  19 0.58
 18  20 0.32
 18  21 0.61
 18  22 0.48
 19   1 0.39
 19   2 0.16
 19   3 0.25
 19   5 0.31
 19   6 0.45
 19   7 0.34
 19   8 0.36
 19   9 0.18
 19  10 0.47
 19  11 0.59
 19  12 0.50
 19  13 0.33
 19  14 0.19
 19  15 0.36
 19  16 0.64
 19  17 0.54
 19  18 0.58
 19  19 1.00
 19  20 0.33
 19  21 0.58
 19  22 0.59
 20   1 0.41
 20   2 0.21
 20   3 0.30
 20   5 0.47
 20   6 0.43
 20   7 0.11
 20   8 0.16
 20   9 0.05
 20  10 0.35
 20  11 0.34
 20  12 0.34
 20  13 0.40
 20  14 0.21
 20  15 0.24
 20  16 0.38
 20  17 0.33
 20  18 0.32
 20  19 0.33
 20  20 1.00
 20  21 0.33
 20  22 0.39
 21   1 0.43
 21   2 0.15
 21   3 0.26
 21   5 0.35
 21   6 0.48
 21   7 0.38
 21   8 0.45
 21   9 0.16
 21  10 0.46
 21  11 0.41
 21  12 0.49
 21  13 0.36
 21  14 0.25
 21  15 0.42
 21  16 0.63
 21  17 0.58
 21  18 0.61
 21  19 0.58
 21  20 0.33
 21  21 1.00
 21  22 0.49
 22   1 0.44
 22   2 0.25
 22   3 0.25
 22   5 0.39
 22   6 0.48
 22   7 0.44
 22   8 0.35
 22   9 0.18
 22  10 0.48
 22  11 0.45
 22  12 0.55
 22  13 0.32
 22  14 0.19
 22  15 0.39
 22  16 0.53
 22  17 0.55
 22  18 0.48
 22  19 0.59
 22  20 0.39
 22  21 0.49
 22  22 1.00
