  1   1 1.00
  1   2 0.58
  1   3 0.42
  1   4 0.23
  1   5 0.19
  1   6 0.57
  1   7 0.55
  1   8 0.47
  1   9 0.65
  1  10 0.64
  1  11 0.61
  1  12 0.28
  1  13 0.48
  1  14 0.28
  1  15 0.69
  1  16 0.36
  1  17 0.42
  1  18 0.55
  1  19 0.49
  1  20 0.29
  1  21 0.52
  1  22 0.60
  2   1 0.58
  2   2 1.00
  2   3 0.50
  2   4 0.18
  2   5 0.23
  2   6 0.41
  2   7 0.38
  2   8 0.40
  2   9 0.68
  2  10 0.64
  2  11 0.46
  2  12 0.38
  2  13 0.30
  2  14 0.44
  2  15 0.59
  2  16 0.39
  2  17 0.35
  2  18 0.47
  2  19 0.44
  2  20 0.33
  2  21 0.44
  2  22 0.38
  3   1 0.42
  3   2 0.50
  3   3 1.00
  3   4 0.13
  3   5 0.44
  3   6 0.24
  3   7 0.32
  3   8 0.24
  3   9 0.58
  3  10 0.55
  3  11 0.44
  3  12 0.27
  3  13 0.20
  3  14 0.68
  3  15 0.57
  3  16 0.19
  3  17 0.42
  3  18 0.28
  3  19 0.24
  3  20 0.13
  3  21 0.60
  3  22 0.28
  4   1 0.23
  4   2 0.18
  4   3 0.13
  4   4 1.00
  4   5 0.09
  4   6 0.34
  4   7 0.43
  4   8 0.33
  4   9 0.30
  4  10 0.27
  4  11 0.32
  4  12 0.37
  4  13 0.41
  4  14 0.16
  4  15 0.26
  4  16 0.47
  4  17 0.34
  4  18 0.46
  4  19 0.33
  4  20 0.49
  4  21 0.20
  4  22 0.31
  5   1 0.19
  5   2 0.23
  5   3 0.44
  5   4 0.09
  5   5 1.00
  5   6 0.13
  5   7 0.14
  5   8 0.11
  5   9 0.27
  5  10 0.32
  5  11 0.20
  5  12 0.37
  5  13 0.16
  5  14 0.65
  5  15 0.32
  5  16 0.12
  5  17 0.44
  5  18 0.22
  5  19 0.13
  5  20 0.09
  5  21 0.33
  5  22 0.16
  6   1 0.57
  6   2 0.41
  6   3 0.24
  6   4 0.34
  6   5 0.13
  6   6 1.00
  6   7 0.64
  6   8 0.69
  6   9 0.48
  6  10 0.53
  6  11 0.47
  6  12 0.36
  6  13 0.61
  6  14 0.22
  6  15 0.53
  6  16 0.58
  6  17 0.41
  6  18 0.66
  6  19 0.68
  6  20 0.39
  6  21 0.46
  6  22 0.57
  7   1 0.55
  7   2 0.38
  7   3 0.32
  7   4 0.43
  7   5 0.14
  7   6 0.64
  7   7 1.00
  7   8 0.66
  7   9 0.54
  7  10 0.45
  7  11 0.55
  7  12 0.31
  7  13 0.48
  7  14 0.27
  7  15 0.41
  7  16 0.50
  7  17 0.36
  7  18 0.64
  7  19 0.52
  7  20 0.44
  7  21 0.51
  7  22 0.55
  8   1 0.47
  8   2 0.40
  8   3 0.24
  8   4 0.33
  8   5 0.11
  8   6 0.69
  8   7 0.66
  8   8 1.00
  8   9 0.41
  8  10 0.49
  8  11 0.46
  8  12 0.29
  8  13 0.54
  8  14 0.18
  8  15 0.42
  8  16 0.50
  8  17 0.33
  8  18 0.57
  8  19 0.67
  8  20 0.43
  8  21 0.49
  8  22 0.54
  9   1 0.65
  9   2 0.68
  9   3 0.58
  9   4 0.30
  9   5 0.27
  9   6 0.48
  9   7 0.54
  9   8 0.41
  9   9 1.00
  9  10 0.66
  9  11 0.71
  9  12 0.40
  9  13 0.37
  9  14 0.51
  9  15 0.60
  9  16 0.39
  9  17 0.36
  9  18 0.54
  9  19 0.40
  9  20 0.30
  9  21 0.47
  9  22 0.45
 10   1 0.64
 10   2 0.64
 10   3 0.55
 10   4 0.27
 10   5 0.32
 10   6 0.53
 10   7 0.45
 10   8 0.49
 10   9 0.66
 10  10 1.00
 10  11 0.64
 10  12 0.53
 10  13 0.51
 10  14 0.43
 10  15 0.56
 10  16 0.46
 10  17 0.59
 10  18 0.57
 10  19 0.49
 10  20 0.32
 10  21 0.57
 10  22 0.53
 11   1 0.61
 11   2 0.46
 11   3 0.44
 11   4 0.32
 11   5 0.20
 11   6 0.47
 11   7 0.55
 11   8 0.46
 11   9 0.71
 11  10 0.64
 11  11 1.00
 11  12 0.31
 11  13 0.52
 11  14 0.29
 11  15 0.54
 11  16 0.39
 11  17 0.36
 11  18 0.52
 11  19 0.44
 11  20 0.31
 11  21 0.45
 11  22 0.60
 12   1 0.28
 12   2 0.38
 12   3 0.27
 12   4 0.37
 12   5 0.37
 12   6 0.36
 12   7 0.31
 12   8 0.29
 12   9 0.40
 12  10 0.53
 12  11 0.31
 12  12 1.00
 12  13 0.47
 12  14 0.46
 12  15 0.29
 12  16 0.45
 12  17 0.67
 12  18 0.54
 12  19 0.31
 12  20 0.40
 12  21 0.33
 12  22 0.40
 13   1 0.48
 13   2 0.30
 13   3 0.20
 13   4 0.41
 13   5 0.16
 13   6 0.61
 13   7 0.48
 13   8 0.54
 13   9 0.37
 13  10 0.51
 13  11 0.52
 13  12 0.47
 13  13 1.00
 13  14 0.21
 13  15 0.38
 13  16 0.62
 13  17 0.48
 13  18 0.68
 13  19 0.65
 13  20 0.49
 13  21 0.34
 13  22 0.71
 14   1 0.28
 14   2 0.44
 14   3 0.68
 14   4 0.16
 14   5 0.65
 14   6 0.22
 14   7 0.27
 14   8 0.18
 14   9 0.51
 14  10 0.43
 14  11 0.29
 14  12 0.46
 14  13 0.21
 14  14 1.00
 14  15 0.46
 14  16 0.21
 14  17 0.54
 14  18 0.37
 14  19 0.21
 14  20 0.18
 14  21 0.45
 14  22 0.25
 15   1 0.69
 15   2 0.59
 15   3 0.57
 15   4 0.26
 15   5 0.32
 15   6 0.53
 15   7 0.41
 15   8 0.42
 15   9 0.60
 15  10 0.56
 15  11 0.54
 15  12 0.29
 15  13 0.38
 15  14 0.46
 15  15 1.00
 15  16 0.32
 15  17 0.39
 15  18 0.44
 15  19 0.50
 15  20 0.24
 15  21 0.51
 15  22 0.45
 16   1 0.36
 16   2 0.39
 16   3 0.19
 16   4 0.47
 16   5 0.12
 16   6 0.58
 16   7 0.50
 16   8 0.50
 16   9 0.39
 16  10 0.46
 16  11 0.39
 16  12 0.45
 16  13 0.62
 16  14 0.21
 16  15 0.32
 16  16 1.00
 16  17 0.47
 16  18 0.70
 16  19 0.58
 16  20 0.54
 16  21 0.34
 16  22 0.56
 17   1 0.42
 17   2 0.35
 17   3 0.42
 17   4 0.34
 17   5 0.44
 17   6 0.41
 17   7 0.36
 17   8 0.33
 17   9 0.36
 17  10 0.59
 17  11 0.36
 17  12 0.67
 17  13 0.48
 17  14 0.54
 17  15 0.39
 17  16 0.47
 17  17 1.00
 17  18 0.60
 17  19 0.35
 17  20 0.33
 17  21 0.55
 17  22 0.49
 18   1 0.55
 18   2 0.47
 18   3 0.28
 18   4 0.46
 18   5 0.22
 18   6 0.66
 18   7 0.64
 18   8 0.57
 18   9 0.54
 18  10 0.57
 18  11 0.52
 18  12 0.54
 18  13 0.68
 18  14 0.37
 18  15 0.44
 18  16 0.70
 18  17 0.60
 18  18 1.00
 18  19 0.65
 18  20 0.55
 18  21 0.43
 18  22 0.66
 19   1 0.49
 19   2 0.44
 19   3 0.24
 19   4 0.33
 19   5 0.13
 19   6 0.68
 19   7 0.52
 19   8 0.67
 19   9 0.40
 19  10 0.49
 19  11 0.44
 19  12 0.31
 19  13 0.65
 19  14 0.21
 19  15 0.50
 19  16 0.58
 19  17 0.35
 19  18 0.65
 19  19 1.00
 19  20 0.46
 19  21 0.45
 19  22 0.62
 20   1 0.29
 20   2 0.33
 20   3 0.13
 20   4 0.49
 20   5 0.09
 20   6 0.39
 20   7 0.44
 20   8 0.43
 20   9 0.30
 20  10 0.32
 20  11 0.31
 20  12 0.40
 20  13 0.49
 20  14 0.18
 20  15 0.24
 20  16 0.54
 20  17 0.33
 20  18 0.55
 20  19 0.46
 20  20 1.00
 20  21 0.26
 20  22 0.39
 21   1 0.52
 21   2 0.44
 21   3 0.60
 21   4 0.20
 21   5 0.33
 21   6 0.46
 21   7 0.51
 21   8 0.49
 21   9 0.47
 21  10 0.57
 21  11 0.45
 21  12 0.33
 21  13 0.34
 21  14 0.45
 21  15 0.51
 21  16 0.34
 21  17 0.55
 21  18 0.43
 21  19 0.45
 21  20 0.26
 21  21 1.00
 21  22 0.48
 22   1 0.60
 22   2 0.38
 22   3 0.28
 22   4 0.31
 22   5 0.16
 22   6 0.57
 22   7 0.55
 22   8 0.54
 22   9 0.45
 22  10 0.53
 22  11 0.60
 22  12 0.40
 22  13 0.71
 22  14 0.25
 22  15 0.45
 22  16 0.56
 22  17 0.49
 22  18 0.66
 22  19 0.62
 22  20 0.39
 22  21 0.48
 22  22 1.00
