  1   1 1.00
  1   2 0.38
  1   3 0.41
  1   4 0.19
  1   5 0.44
  1   6 0.51
  1   7 0.21
  1   8 0.29
  1   9 0.46
  1  10 0.45
  1  11 0.44
  1  12 0.40
  1  13 0.39
  1  14 0.50
  1  15 0.39
  1  16 0.43
  1  17 0.44
  1  18 0.40
  1  19 0.31
  1  20 0.36
  1  21 0.38
  1  22 0.27
  2   1 0.38
  2   2 1.00
  2   3 0.27
  2   4 0.10
  2   5 0.21
  2   6 0.51
  2   7 0.47
  2   8 0.47
  2   9 0.17
  2  10 0.36
  2  11 0.34
  2  12 0.35
  2  13 0.35
  2  14 0.43
  2  15 0.55
  2  16 0.42
  2  17 0.39
  2  18 0.46
  2  19 0.39
  2  20 0.42
  2  21 0.44
  2  22 0.45
  3   1 0.41
  3   2 0.27
  3   3 1.00
  3   4 0.19
  3   5 0.25
  3   6 0.26
  3   7 0.15
  3   8 0.19
  3   9 0.33
  3  10 0.40
  3  11 0.44
  3  12 0.29
  3  13 0.53
  3  14 0.36
  3  15 0.31
  3  16 0.28
  3  17 0.28
  3  18 0.33
  3  19 0.13
  3  20 0.47
  3  21 0.18
  3  22 0.23
  4   1 0.19
  4   2 0.10
  4   3 0.19
  4   4 1.00
  4   5 0.10
  4   6 0.18
  4   7 0.11
  4   8 0.12
  4   9 0.25
  4  10 0.23
  4  11 0.21
  4  12 0.15
  4  13 0.19
  4  14 0.15
  4  15 0.07
  4  16 0.19
  4  17 0.15
  4  18 0.17
  4  19 0.13
  4  20 0.17
  4  21 0.11
  4  22 0.07
  5   1 0.44
  5   2 0.21
  5   3 0.25
  5   4 0.10
  5   5 1.00
  5   6 0.33
  5   7 0.13
  5   8 0.19
  5   9 0.34
  5  10 0.24
  5  11 0.32
  5  12 0.26
  5  13 0.25
  5  14 0.43
  5  15 0.26
  5  16 0.29
  5  17 0.35
  5  18 0.34
  5  19 0.22
  5  20 0.28
  5  21 0.21
  5  22 0.23
  6   1 0.51
  6   2 0.51
  6   3 0.26
  6   4 0.18
  6   5 0.33
  6   6 1.00
  6   7 0.43
  6   8 0.38
  6   9 0.41
  6  10 0.53
  6  11 0.52
  6  12 0.66
  6  13 0.43
  6  14 0.47
  6  15 0.44
  6  16 0.71
  6  17 0.58
  6  18 0.52
  6  19 0.63
  6  20 0.49
  6  21 0.54
  6  22 0.46
  7   1 0.21
  7   2 0.47
  7   3 0.15
  7   4 0.11
  7   5 0.13
  7   6 0.43
  7   7 1.00
  7   8 0.47
  7   9 0.11
  7  10 0.34
  7  11 0.25
  7  12 0.37
  7  13 0.28
  7  14 0.18
  7  15 0.40
  7  16 0.46
  7  17 0.44
  7  18 0.47
  7  19 0.48
  7  20 0.40
  7  21 0.48
  7  22 0.40
  8   1 0.29
  8   2 0.47
  8   3 0.19
  8   4 0.12
  8   5 0.19
  8   6 0.38
  8   7 0.47
  8   8 1.00
  8   9 0.21
  8  10 0.23
  8  11 0.32
  8  12 0.30
  8  13 0.22
  8  14 0.26
  8  15 0.38
  8  16 0.35
  8  17 0.30
  8  18 0.45
  8  19 0.37
  8  20 0.28
  8  21 0.33
  8  22 0.50
  9   1 0.46
  9   2 0.17
  9   3 0.33
  9   4 0.25
  9   5 0.34
  9   6 0.41
  9   7 0.11
  9   8 0.21
  9   9 1.00
  9  10 0.46
  9  11 0.51
  9  12 0.36
  9  13 0.27
  9  14 0.34
  9  15 0.23
  9  16 0.41
  9  17 0.36
  9  18 0.31
  9  19 0.23
  9  20 0.33
  9  21 0.24
  9  22 0.18
 10   1 0.45
 10   2 0.36
 10   3 0.40
 10   4 0.23
 10   5 0.24
 10   6 0.53
 10   7 0.34
 10   8 0.23
 10   9 0.46
 10  10 1.00
 10  11 0.52
 10  12 0.45
 10  13 0.55
 10  14 0.31
 10  15 0.47
 10  16 0.51
 10  17 0.44
 10  18 0.39
 10  19 0.34
 10  20 0.51
 10  21 0.37
 10  22 0.31
 11   1 0.44
 11   2 0.34
 11   3 0.44
 11   4 0.21
 11   5 0.32
 11   6 0.52
 11   7 0.25
 11   8 0.32
 11   9 0.51
 11  10 0.52
 11  11 1.00
 11  12 0.51
 11  13 0.46
 11  14 0.35
 11  15 0.45
 11  16 0.48
 11  17 0.52
 11  18 0.53
 11  19 0.42
 11  20 0.53
 11  21 0.38
 11  22 0.39
 12   1 0.40
 12   2 0.35
 12   3 0.29
 12   4 0.15
 12   5 0.26
 12   6 0.66
 12   7 0.37
 12   8 0.30
 12   9 0.36
 12  10 0.45
 12  11 0.51
 12  12 1.00
 12  13 0.46
 12  14 0.37
 12  15 0.51
 12  16 0.61
 12  17 0.52
 12  18 0.46
 12  19 0.56
 12  20 0.47
 12  21 0.58
 12  22 0.38
 13   1 0.39
 13   2 0.35
 13   3 0.53
 13   4 0.19
 13   5 0.25
 13   6 0.43
 13   7 0.28
 13   8 0.22
 13   9 0.27
 13  10 0.55
 13  11 0.46
 13  12 0.46
 13  13 1.00
 13  14 0.37
 13  15 0.46
 13  16 0.34
 13  17 0.35
 13  18 0.38
 13  19 0.27
 13  20 0.45
 13  21 0.38
 13  22 0.32
 14   1 0.50
 14   2 0.43
 14   3 0.36
 14   4 0.15
 14   5 0.43
 14   6 0.47
 14   7 0.18
 14   8 0.26
 14   9 0.34
 14  10 0.31
 14  11 0.35
 14  12 0.37
 14  13 0.37
 14  14 1.00
 14  15 0.35
 14  16 0.37
 14  17 0.34
 14  18 0.35
 14  19 0.22
 14  20 0.35
 14  21 0.32
 14  22 0.32
 15   1 0.39
 15   2 0.55
 15   3 0.31
 15   4 0.07
 15   5 0.26
 15   6 0.44
 15   7 0.40
 15   8 0.38
 15   9 0.23
 15  10 0.47
 15  11 0.45
 15  12 0.51
 15  13 0.46
 15  14 0.35
 15  15 1.00
 15  16 0.39
 15  17 0.45
 15  18 0.45
 15  19 0.41
 15  20 0.48
 15  21 0.55
 15  22 0.47
 16   1 0.43
 16   2 0.42
 16   3 0.28
 16   4 0.19
 16   5 0.29
 16   6 0.71
 16   7 0.46
 16   8 0.35
 16   9 0.41
 16  10 0.51
 16  11 0.48
 16  12 0.61
 16  13 0.34
 16  14 0.37
 16  15 0.39
 16  16 1.00
 16  17 0.63
 16  18 0.52
 16  19 0.64
 16  20 0.46
 16  21 0.52
 16  22 0.37
 17   1 0.44
 17   2 0.39
 17   3 0.28
 17   4 0.15
 17   5 0.35
 17   6 0.58
 17   7 0.44
 17   8 0.30
 17   9 0.36
 17  10 0.44
 17  11 0.52
 17  12 0.52
 17  13 0.35
 17  14 0.34
 17  15 0.45
 17  16 0.63
 17  17 1.00
 17  18 0.63
 17  19 0.57
 17  20 0.52
 17  21 0.57
 17  22 0.33
 18   1 0.40
 18   2 0.46
 18   3 0.33
 18   4 0.17
 18   5 0.34
 18   6 0.52
 18   7 0.47
 18   8 0.45
 18   9 0.31
 18  10 0.39
 18  11 0.53
 18  12 0.46
 18  13 0.38
 18  14 0.35
 18  15 0.45
 18  16 0.52
 18  17 0.63
 18  18 1.00
 18  19 0.58
 18  20 0.52
 18  21 0.54
 18  22 0.44
 19   1 0.31
 19   2 0.39
 19   3 0.13
 19   4 0.13
 19   5 0.22
 19   6 0.63
 19   7 0.48
 19   8 0.37
 19   9 0.23
 19  10 0.34
 19  11 0.42
 19  12 0.56
 19  13 0.27
 19  14 0.22
 19  15 0.41
 19  16 0.64
 19  17 0.57
 19  18 0.58
 19  19 1.00
 19  20 0.47
 19  21 0.53
 19  22 0.40
 20   1 0.36
 20   2 0.42
 20   3 0.47
 20   4 0.17
 20   5 0.28
 20   6 0.49
 20   7 0.40
 20   8 0.28
 20   9 0.33
 20  10 0.51
 20  11 0.53
 20  12 0.47
 20  13 0.45
 20  14 0.35
 20  15 0.48
 20  16 0.46
 20  17 0.52
 20  18 0.52
 20  19 0.47
 20  20 1.00
 20  21 0.40
 20  22 0.34
 21   1 0.38
 21   2 0.44
 21   3 0.18
 21   4 0.11
 21   5 0.21
 21   6 0.54
 21   7 0.48
 21   8 0.33
 21   9 0.24
 21  10 0.37
 21  11 0.38
 21  12 0.58
 21  13 0.38
 21  14 0.32
 21  15 0.55
 21  16 0.52
 21  17 0.57
 21  18 0.54
 21  19 0.53
 21  20 0.40
 21  21 1.00
 21  22 0.39
 22   1 0.27
 22   2 0.45
 22   3 0.23
 22   4 0.07
 22   5 0.23
 22   6 0.46
 22   7 0.40
 22   8 0.50
 22   9 0.18
 22  10 0.31
 22  11 0.39
 22  12 0.38
 22  13 0.32
 22  14 0.32
 22  15 0.47
 22  16 0.37
 22  17 0.33
 22  18 0.44
 22  19 0.40
 22  20 0.34
 22  21 0.39
 22  22 1.00
