  1   1 1.00
  1   2 0.80
  1   3 0.72
  1   4 0.53
  1   5 0.70
  1   6 0.69
  1   7 0.53
  1   8 0.47
  1   9 0.62
  1  10 0.74
  1  11 0.62
  1  12 0.68
  1  13 0.54
  1  14 0.72
  1  15 0.61
  1  16 0.66
  1  17 0.58
  1  18 0.62
  1  19 0.78
  1  20 0.46
  1  21 0.64
  1  22 0.55
  2   1 0.80
  2   2 1.00
  2   3 0.68
  2   4 0.43
  2   5 0.58
  2   6 0.73
  2   7 0.45
  2   8 0.39
  2   9 0.54
  2  10 0.63
  2  11 0.55
  2  12 0.62
  2  13 0.49
  2  14 0.62
  2  15 0.54
  2  16 0.52
  2  17 0.56
  2  18 0.52
  2  19 0.67
  2  20 0.43
  2  21 0.53
  2  22 0.49
  3   1 0.72
  3   2 0.68
  3   3 1.00
  3   4 0.66
  3   5 0.76
  3   6 0.62
  3   7 0.68
  3   8 0.56
  3   9 0.46
  3  10 0.59
  3  11 0.54
  3  12 0.74
  3  13 0.58
  3  14 0.70
  3  15 0.44
  3  16 0.61
  3  17 0.53
  3  18 0.47
  3  19 0.75
  3  20 0.51
  3  21 0.62
  3  22 0.71
  4   1 0.53
  4   2 0.43
  4   3 0.66
  4   4 1.00
  4   5 0.70
  4   6 0.47
  4   7 0.58
  4   8 0.31
  4   9 0.26
  4  10 0.36
  4  11 0.28
  4  12 0.62
  4  13 0.42
  4  14 0.58
  4  15 0.40
  4  16 0.41
  4  17 0.37
  4  18 0.22
  4  19 0.50
  4  20 0.30
  4  21 0.45
  4  22 0.76
  5   1 0.70
  5   2 0.58
  5   3 0.76
  5   4 0.70
  5   5 1.00
  5   6 0.68
  5   7 0.64
  5   8 0.52
  5   9 0.53
  5  10 0.60
  5  11 0.59
  5  12 0.67
  5  13 0.50
  5  14 0.71
  5  15 0.56
  5  16 0.63
  5  17 0.61
  5  18 0.48
  5  19 0.76
  5  20 0.53
  5  21 0.59
  5  22 0.73
  6   1 0.69
  6   2 0.73
  6   3 0.62
  6   4 0.47
  6   5 0.68
  6   6 1.00
  6   7 0.51
  6   8 0.46
  6   9 0.61
  6  10 0.64
  6  11 0.54
  6  12 0.71
  6  13 0.57
  6  14 0.66
  6  15 0.59
  6  16 0.50
  6  17 0.58
  6  18 0.52
  6  19 0.76
  6  20 0.42
  6  21 0.61
  6  22 0.53
  7   1 0.53
  7   2 0.45
  7   3 0.68
  7   4 0.58
  7   5 0.64
  7   6 0.51
  7   7 1.00
  7   8 0.49
  7   9 0.32
  7  10 0.58
  7  11 0.42
  7  12 0.70
  7  13 0.67
  7  14 0.46
  7  15 0.50
  7  16 0.49
  7  17 0.34
  7  18 0.43
  7  19 0.66
  7  20 0.28
  7  21 0.75
  7  22 0.60
  8   1 0.47
  8   2 0.39
  8   3 0.56
  8   4 0.31
  8   5 0.52
  8   6 0.46
  8   7 0.49
  8   8 1.00
  8   9 0.53
  8  10 0.54
  8  11 0.54
  8  12 0.58
  8  13 0.42
  8  14 0.46
  8  15 0.34
  8  16 0.51
  8  17 0.44
  8  18 0.62
  8  19 0.61
  8  20 0.52
  8  21 0.55
  8  22 0.50
  9   1 0.62
  9   2 0.54
  9   3 0.46
  9   4 0.26
  9   5 0.53
  9   6 0.61
  9   7 0.32
  9   8 0.53
  9   9 1.00
  9  10 0.66
  9  11 0.71
  9  12 0.53
  9  13 0.44
  9  14 0.59
  9  15 0.49
  9  16 0.60
  9  17 0.60
  9  18 0.67
  9  19 0.64
  9  20 0.61
  9  21 0.56
  9  22 0.31
 10   1 0.74
 10   2 0.63
 10   3 0.59
 10   4 0.36
 10   5 0.60
 10   6 0.64
 10   7 0.58
 10   8 0.54
 10   9 0.66
 10  10 1.00
 10  11 0.67
 10  12 0.67
 10  13 0.67
 10  14 0.50
 10  15 0.66
 10  16 0.64
 10  17 0.54
 10  18 0.74
 10  19 0.85
 10  20 0.41
 10  21 0.76
 10  22 0.41
 11   1 0.62
 11   2 0.55
 11   3 0.54
 11   4 0.28
 11   5 0.59
 11   6 0.54
 11   7 0.42
 11   8 0.54
 11   9 0.71
 11  10 0.67
 11  11 1.00
 11  12 0.50
 11  13 0.44
 11  14 0.54
 11  15 0.53
 11  16 0.61
 11  17 0.69
 11  18 0.69
 11  19 0.69
 11  20 0.74
 11  21 0.59
 11  22 0.35
 12   1 0.68
 12   2 0.62
 12   3 0.74
 12   4 0.62
 12   5 0.67
 12   6 0.71
 12   7 0.70
 12   8 0.58
 12   9 0.53
 12  10 0.67
 12  11 0.50
 12  12 1.00
 12  13 0.71
 12  14 0.62
 12  15 0.55
 12  16 0.63
 12  17 0.48
 12  18 0.55
 12  19 0.78
 12  20 0.36
 12  21 0.77
 12  22 0.68
 13   1 0.54
 13   2 0.49
 13   3 0.58
 13   4 0.42
 13   5 0.50
 13   6 0.57
 13   7 0.67
 13   8 0.42
 13   9 0.44
 13  10 0.67
 13  11 0.44
 13  12 0.71
 13  13 1.00
 13  14 0.42
 13  15 0.54
 13  16 0.52
 13  17 0.32
 13  18 0.55
 13  19 0.69
 13  20 0.18
 13  21 0.74
 13  22 0.44
 14   1 0.72
 14   2 0.62
 14   3 0.70
 14   4 0.58
 14   5 0.71
 14   6 0.66
 14   7 0.46
 14   8 0.46
 14   9 0.59
 14  10 0.50
 14  11 0.54
 14  12 0.62
 14  13 0.42
 14  14 1.00
 14  15 0.44
 14  16 0.57
 14  17 0.62
 14  18 0.45
 14  19 0.66
 14  20 0.58
 14  21 0.51
 14  22 0.59
 15   1 0.61
 15   2 0.54
 15   3 0.44
 15   4 0.40
 15   5 0.56
 15   6 0.59
 15   7 0.50
 15   8 0.34
 15   9 0.49
 15  10 0.66
 15  11 0.53
 15  12 0.55
 15  13 0.54
 15  14 0.44
 15  15 1.00
 15  16 0.48
 15  17 0.44
 15  18 0.56
 15  19 0.65
 15  20 0.28
 15  21 0.65
 15  22 0.38
 16   1 0.66
 16   2 0.52
 16   3 0.61
 16   4 0.41
 16   5 0.63
 16   6 0.50
 16   7 0.49
 16   8 0.51
 16   9 0.60
 16  10 0.64
 16  11 0.61
 16  12 0.63
 16  13 0.52
 16  14 0.57
 16  15 0.48
 16  16 1.00
 16  17 0.61
 16  18 0.61
 16  19 0.75
 16  20 0.47
 16  21 0.59
 16  22 0.48
 17   1 0.58
 17   2 0.56
 17   3 0.53
 17   4 0.37
 17   5 0.61
 17   6 0.58
 17   7 0.34
 17   8 0.44
 17   9 0.60
 17  10 0.54
 17  11 0.69
 17  12 0.48
 17  13 0.32
 17  14 0.62
 17  15 0.44
 17  16 0.61
 17  17 1.00
 17  18 0.52
 17  19 0.64
 17  20 0.71
 17  21 0.43
 17  22 0.49
 18   1 0.62
 18   2 0.52
 18   3 0.47
 18   4 0.22
 18   5 0.48
 18   6 0.52
 18   7 0.43
 18   8 0.62
 18   9 0.67
 18  10 0.74
 18  11 0.69
 18  12 0.55
 18  13 0.55
 18  14 0.45
 18  15 0.56
 18  16 0.61
 18  17 0.52
 18  18 1.00
 18  19 0.71
 18  20 0.47
 18  21 0.70
 18  22 0.31
 19   1 0.78
 19   2 0.67
 19   3 0.75
 19   4 0.50
 19   5 0.76
 19   6 0.76
 19   7 0.66
 19   8 0.61
 19   9 0.64
 19  10 0.85
 19  11 0.69
 19  12 0.78
 19  13 0.69
 19  14 0.66
 19  15 0.65
 19  16 0.75
 19  17 0.64
 19  18 0.71
 19  19 1.00
 19  20 0.50
 19  21 0.78
 19  22 0.57
 20   1 0.46
 20   2 0.43
 20   3 0.51
 20   4 0.30
 20   5 0.53
 20   6 0.42
 20   7 0.28
 20   8 0.52
 20   9 0.61
 20  10 0.41
 20  11 0.74
 20  12 0.36
 20  13 0.18
 20  14 0.58
 20  15 0.28
 20  16 0.47
 20  17 0.71
 20  18 0.47
 20  19 0.50
 20  20 1.00
 20  21 0.36
 20  22 0.39
 21   1 0.64
 21   2 0.53
 21   3 0.62
 21   4 0.45
 21   5 0.59
 21   6 0.61
 21   7 0.75
 21   8 0.55
 21   9 0.56
 21  10 0.76
 21  11 0.59
 21  12 0.77
 21  13 0.74
 21  14 0.51
 21  15 0.65
 21  16 0.59
 21  17 0.43
 21  18 0.70
 21  19 0.78
 21  20 0.36
 21  21 1.00
 21  22 0.48
 22   1 0.55
 22   2 0.49
 22   3 0.71
 22   4 0.76
 22   5 0.73
 22   6 0.53
 22   7 0.60
 22   8 0.50
 22   9 0.31
 22  10 0.41
 22  11 0.35
 22  12 0.68
 22  13 0.44
 22  14 0.59
 22  15 0.38
 22  16 0.48
 22  17 0.49
 22  18 0.31
 22  19 0.57
 22  20 0.39
 22  21 0.48
 22  22 1.00
