  1   1 1.00
  1   2 0.41
  1   3 0.09
  1   5 0.33
  1   6 0.47
  1   7 0.25
  1   8 0.28
  1   9 0.35
  1  10 0.34
  1  11 0.46
  1  12 0.29
  1  13 0.39
  1  14 0.37
  1  15 0.43
  1  16 0.31
  1  17 0.30
  1  18 0.34
  1  19 0.36
  1  20 0.45
  1  21 0.46
  1  22 0.36
  2   1 0.41
  2   2 1.00
  2   3 0.03
  2   5 0.21
  2   6 0.29
  2   7 0.13
  2   8 0.19
  2   9 0.16
  2  10 0.28
  2  11 0.33
  2  12 0.30
  2  13 0.30
  2  14 0.24
  2  15 0.31
  2  16 0.20
  2  17 0.18
  2  18 0.16
  2  19 0.26
  2  20 0.16
  2  21 0.33
  2  22 0.37
  3   1 0.09
  3   2 0.03
  3   3 1.00
  3   5 0.10
  3   6 0.11
  3   7 0.06
  3   8 0.05
  3   9 0.16
  3  10 0.13
  3  11 0.10
  3  12 0.06
  3  13 0.09
  3  14 0.05
  3  15 0.07
  3  16 0.07
  3  17 0.11
  3  18 0.13
  3  19 0.06
  3  20 0.11
  3  21 0.06
  3  22 0.02
  5   1 0.33
  5   2 0.21
  5   3 0.10
  5   5 1.00
  5   6 0.34
  5   7 0.37
  5   8 0.31
  5   9 0.43
  5  10 0.42
  5  11 0.33
  5  12 0.30
  5  13 0.38
  5  14 0.41
  5  15 0.38
  5  16 0.37
  5  17 0.37
  5  18 0.31
  5  19 0.34
  5  20 0.32
  5  21 0.40
  5  22 0.22
  6   1 0.47
  6   2 0.29
  6   3 0.11
  6   5 0.34
  6   6 1.00
  6   7 0.33
  6   8 0.42
  6   9 0.33
  6  10 0.42
  6  11 0.47
  6  12 0.38
  6  13 0.61
  6  14 0.47
  6  15 0.45
  6  16 0.51
  6  17 0.31
  6  18 0.41
  6  19 0.62
  6  20 0.55
  6  21 0.53
  6  22 0.44
  7   1 0.25
  7   2 0.13
  7   3 0.06
  7   5 0.37
  7   6 0.33
  7   7 1.00
  7   8 0.34
  7   9 0.26
  7  10 0.27
  7  11 0.34
  7  12 0.28
  7  13 0.44
  7  14 0.32
  7  15 0.34
  7  16 0.55
  7  17 0.35
  7  18 0.36
  7  19 0.41
  7  20 0.30
  7  21 0.45
  7  22 0.14
  8   1 0.28
  8   2 0.19
  8   3 0.05
  8   5 0.31
  8   6 0.42
  8   7 0.34
  8   8 1.00
  8   9 0.18
  8  10 0.30
  8  11 0.35
  8  12 0.27
  8  13 0.36
  8  14 0.39
  8  15 0.38
  8  16 0.30
  8  17 0.37
  8  18 0.25
  8  19 0.47
  8  20 0.27
  8  21 0.33
  8  22 0.32
  9   1 0.35
  9   2 0.16
  9   3 0.16
  9   5 0.43
  9   6 0.33
  9   7 0.26
  9   8 0.18
  9   9 1.00
  9  10 0.32
  9  11 0.34
  9  12 0.23
  9  13 0.32
  9  14 0.25
  9  15 0.34
  9  16 0.33
  9  17 0.24
  9  18 0.24
  9  19 0.25
  9  20 0.39
  9  21 0.26
  9  22 0.13
 10   1 0.34
 10   2 0.28
 10   3 0.13
 10   5 0.42
 10   6 0.42
 10   7 0.27
 10   8 0.30
 10   9 0.32
 10  10 1.00
 10  11 0.43
 10  12 0.40
 10  13 0.46
 10  14 0.46
 10  15 0.50
 10  16 0.35
 10  17 0.38
 10  18 0.33
 10  19 0.41
 10  20 0.30
 10  21 0.45
 10  22 0.35
 11   1 0.46
 11   2 0.33
 11   3 0.10
 11   5 0.33
 11   6 0.47
 11   7 0.34
 11   8 0.35
 11   9 0.34
 11  10 0.43
 11  11 1.00
 11  12 0.35
 11  13 0.48
 11  14 0.39
 11  15 0.42
 11  16 0.45
 11  17 0.36
 11  18 0.32
 11  19 0.51
 11  20 0.44
 11  21 0.54
 11  22 0.37
 12   1 0.29
 12   2 0.30
 12   3 0.06
 12   5 0.30
 12   6 0.38
 12   7 0.28
 12   8 0.27
 12   9 0.23
 12  10 0.40
 12  11 0.35
 12  12 1.00
 12  13 0.41
 12  14 0.41
 12  15 0.49
 12  16 0.34
 12  17 0.31
 12  18 0.27
 12  19 0.41
 12  20 0.19
 12  21 0.40
 12  22 0.33
 13   1 0.39
 13   2 0.30
 13   3 0.09
 13   5 0.38
 13   6 0.61
 13   7 0.44
 13   8 0.36
 13   9 0.32
 13  10 0.46
 13  11 0.48
 13  12 0.41
 13  13 1.00
 13  14 0.49
 13  15 0.45
 13  16 0.48
 13  17 0.32
 13  18 0.38
 13  19 0.52
 13  20 0.47
 13  21 0.54
 13  22 0.41
 14   1 0.37
 14   2 0.24
 14   3 0.05
 14   5 0.41
 14   6 0.47
 14   7 0.32
 14   8 0.39
 14   9 0.25
 14  10 0.46
 14  11 0.39
 14  12 0.41
 14  13 0.49
 14  14 1.00
 14  15 0.53
 14  16 0.41
 14  17 0.40
 14  18 0.34
 14  19 0.50
 14  20 0.35
 14  21 0.54
 14  22 0.40
 15   1 0.43
 15   2 0.31
 15   3 0.07
 15   5 0.38
 15   6 0.45
 15   7 0.34
 15   8 0.38
 15   9 0.34
 15  10 0.50
 15  11 0.42
 15  12 0.49
 15  13 0.45
 15  14 0.53
 15  15 1.00
 15  16 0.43
 15  17 0.41
 15  18 0.33
 15  19 0.55
 15  20 0.32
 15  21 0.52
 15  22 0.39
 16   1 0.31
 16   2 0.20
 16   3 0.07
 16   5 0.37
 16   6 0.51
 16   7 0.55
 16   8 0.30
 16   9 0.33
 16  10 0.35
 16  11 0.45
 16  12 0.34
 16  13 0.48
 16  14 0.41
 16  15 0.43
 16  16 1.00
 16  17 0.38
 16  18 0.40
 16  19 0.52
 16  20 0.41
 16  21 0.51
 16  22 0.27
 17   1 0.30
 17   2 0.18
 17   3 0.11
 17   5 0.37
 17   6 0.31
 17   7 0.35
 17   8 0.37
 17   9 0.24
 17  10 0.38
 17  11 0.36
 17  12 0.31
 17  13 0.32
 17  14 0.40
 17  15 0.41
 17  16 0.38
 17  17 1.00
 17  18 0.28
 17  19 0.37
 17  20 0.29
 17  21 0.33
 17  22 0.27
 18   1 0.34
 18   2 0.16
 18   3 0.13
 18   5 0.31
 18   6 0.41
 18   7 0.36
 18   8 0.25
 18   9 0.24
 18  10 0.33
 18  11 0.32
 18  12 0.27
 18  13 0.38
 18  14 0.34
 18  15 0.33
 18  16 0.40
 18  17 0.28
 18  18 1.00
 18  19 0.31
 18  20 0.42
 18  21 0.37
 18  22 0.20
 19   1 0.36
 19   2 0.26
 19   3 0.06
 19   5 0.34
 19   6 0.62
 19   7 0.41
 19   8 0.47
 19   9 0.25
 19  10 0.41
 19  11 0.51
 19  12 0.41
 19  13 0.52
 19  14 0.50
 19  15 0.55
 19  16 0.52
 19  17 0.37
 19  18 0.31
 19  19 1.00
 19  20 0.48
 19  21 0.58
 19  22 0.49
 20   1 0.45
 20   2 0.16
 20   3 0.11
 20   5 0.32
 20   6 0.55
 20   7 0.30
 20   8 0.27
 20   9 0.39
 20  10 0.30
 20  11 0.44
 20  12 0.19
 20  13 0.47
 20  14 0.35
 20  15 0.32
 20  16 0.41
 20  17 0.29
 20  18 0.42
 20  19 0.48
 20  20 1.00
 20  21 0.46
 20  22 0.26
 21   1 0.46
 21   2 0.33
 21   3 0.06
 21   5 0.40
 21   6 0.53
 21   7 0.45
 21   8 0.33
 21   9 0.26
 21  10 0.45
 21  11 0.54
 21  12 0.40
 21  13 0.54
 21  14 0.54
 21  15 0.52
 21  16 0.51
 21  17 0.33
 21  18 0.37
 21  19 0.58
 21  20 0.46
 21  21 1.00
 21  22 0.38
 22   1 0.36
 22   2 0.37
 22   3 0.02
 22   5 0.22
 22   6 0.44
 22   7 0.14
 22   8 0.32
 22   9 0.13
 22  10 0.35
 22  11 0.37
 22  12 0.33
 22  13 0.41
 22  14 0.40
 22  15 0.39
 22  16 0.27
 22  17 0.27
 22  18 0.20
 22  19 0.49
 22  20 0.26
 22  21 0.38
 22  22 1.00
