  1   1 1.00
  1   2 0.54
  1   3 0.48
  1   4 0.48
  1   5 0.56
  1   6 0.72
  1   7 0.51
  1   8 0.55
  1   9 0.55
  1  10 0.66
  1  11 0.61
  1  12 0.64
  1  13 0.63
  1  14 0.39
  1  15 0.73
  1  16 0.57
  1  17 0.61
  1  18 0.66
  1  19 0.70
  1  20 0.52
  1  21 0.65
  1  22 0.39
  2   1 0.54
  2   2 1.00
  2   3 0.45
  2   4 0.26
  2   5 0.42
  2   6 0.56
  2   7 0.44
  2   8 0.64
  2   9 0.34
  2  10 0.60
  2  11 0.52
  2  12 0.55
  2  13 0.63
  2  14 0.41
  2  15 0.67
  2  16 0.46
  2  17 0.44
  2  18 0.58
  2  19 0.41
  2  20 0.39
  2  21 0.54
  2  22 0.41
  3   1 0.48
  3   2 0.45
  3   3 1.00
  3   4 0.41
  3   5 0.55
  3   6 0.42
  3   7 0.57
  3   8 0.56
  3   9 0.46
  3  10 0.63
  3  11 0.57
  3  12 0.43
  3  13 0.64
  3  14 0.44
  3  15 0.54
  3  16 0.42
  3  17 0.46
  3  18 0.40
  3  19 0.48
  3  20 0.43
  3  21 0.40
  3  22 0.40
  4   1 0.48
  4   2 0.26
  4   3 0.41
  4   4 1.00
  4   5 0.49
  4   6 0.41
  4   7 0.35
  4   8 0.35
  4   9 0.50
  4  10 0.43
  4  11 0.36
  4  12 0.42
  4  13 0.44
  4  14 0.21
  4  15 0.49
  4  16 0.52
  4  17 0.52
  4  18 0.37
  4  19 0.58
  4  20 0.46
  4  21 0.42
  4  22 0.22
  5   1 0.56
  5   2 0.42
  5   3 0.55
  5   4 0.49
  5   5 1.00
  5   6 0.56
  5   7 0.63
  5   8 0.61
  5   9 0.49
  5  10 0.62
  5  11 0.65
  5  12 0.55
  5  13 0.61
  5  14 0.44
  5  15 0.59
  5  16 0.54
  5  17 0.52
  5  18 0.49
  5  19 0.62
  5  20 0.67
  5  21 0.55
  5  22 0.51
  6   1 0.72
  6   2 0.56
  6   3 0.42
  6   4 0.41
  6   5 0.56
  6   6 1.00
  6   7 0.48
  6   8 0.55
  6   9 0.46
  6  10 0.66
  6  11 0.57
  6  12 0.73
  6  13 0.68
  6  14 0.30
  6  15 0.71
  6  16 0.55
  6  17 0.51
  6  18 0.63
  6  19 0.62
  6  20 0.43
  6  21 0.78
  6  22 0.33
  7   1 0.51
  7   2 0.44
  7   3 0.57
  7   4 0.35
  7   5 0.63
  7   6 0.48
  7   7 1.00
  7   8 0.60
  7   9 0.46
  7  10 0.54
  7  11 0.47
  7  12 0.46
  7  13 0.59
  7  14 0.36
  7  15 0.55
  7  16 0.48
  7  17 0.40
  7  18 0.49
  7  19 0.57
  7  20 0.52
  7  21 0.49
  7  22 0.53
  8   1 0.55
  8   2 0.64
  8   3 0.56
  8   4 0.35
  8   5 0.61
  8   6 0.55
  8   7 0.60
  8   8 1.00
  8   9 0.45
  8  10 0.66
  8  11 0.53
  8  12 0.67
  8  13 0.67
  8  14 0.40
  8  15 0.67
  8  16 0.59
  8  17 0.50
  8  18 0.61
  8  19 0.57
  8  20 0.54
  8  21 0.59
  8  22 0.53
  9   1 0.55
  9   2 0.34
  9   3 0.46
  9   4 0.50
  9   5 0.49
  9   6 0.46
  9   7 0.46
  9   8 0.45
  9   9 1.00
  9  10 0.55
  9  11 0.48
  9  12 0.44
  9  13 0.52
  9  14 0.29
  9  15 0.58
  9  16 0.52
  9  17 0.53
  9  18 0.57
  9  19 0.66
  9  20 0.40
  9  21 0.46
  9  22 0.26
 10   1 0.66
 10   2 0.60
 10   3 0.63
 10   4 0.43
 10   5 0.62
 10   6 0.66
 10   7 0.54
 10   8 0.66
 10   9 0.55
 10  10 1.00
 10  11 0.66
 10  12 0.65
 10  13 0.74
 10  14 0.56
 10  15 0.73
 10  16 0.65
 10  17 0.70
 10  18 0.65
 10  19 0.62
 10  20 0.46
 10  21 0.64
 10  22 0.41
 11   1 0.61
 11   2 0.52
 11   3 0.57
 11   4 0.36
 11   5 0.65
 11   6 0.57
 11   7 0.47
 11   8 0.53
 11   9 0.48
 11  10 0.66
 11  11 1.00
 11  12 0.53
 11  13 0.69
 11  14 0.46
 11  15 0.64
 11  16 0.50
 11  17 0.57
 11  18 0.58
 11  19 0.54
 11  20 0.53
 11  21 0.57
 11  22 0.38
 12   1 0.64
 12   2 0.55
 12   3 0.43
 12   4 0.42
 12   5 0.55
 12   6 0.73
 12   7 0.46
 12   8 0.67
 12   9 0.44
 12  10 0.65
 12  11 0.53
 12  12 1.00
 12  13 0.69
 12  14 0.35
 12  15 0.72
 12  16 0.62
 12  17 0.56
 12  18 0.69
 12  19 0.65
 12  20 0.51
 12  21 0.74
 12  22 0.43
 13   1 0.63
 13   2 0.63
 13   3 0.64
 13   4 0.44
 13   5 0.61
 13   6 0.68
 13   7 0.59
 13   8 0.67
 13   9 0.52
 13  10 0.74
 13  11 0.69
 13  12 0.69
 13  13 1.00
 13  14 0.43
 13  15 0.79
 13  16 0.57
 13  17 0.66
 13  18 0.70
 13  19 0.66
 13  20 0.54
 13  21 0.70
 13  22 0.49
 14   1 0.39
 14   2 0.41
 14   3 0.44
 14   4 0.21
 14   5 0.44
 14   6 0.30
 14   7 0.36
 14   8 0.40
 14   9 0.29
 14  10 0.56
 14  11 0.46
 14  12 0.35
 14  13 0.43
 14  14 1.00
 14  15 0.39
 14  16 0.41
 14  17 0.50
 14  18 0.40
 14  19 0.31
 14  20 0.35
 14  21 0.36
 14  22 0.32
 15   1 0.73
 15   2 0.67
 15   3 0.54
 15   4 0.49
 15   5 0.59
 15   6 0.71
 15   7 0.55
 15   8 0.67
 15   9 0.58
 15  10 0.73
 15  11 0.64
 15  12 0.72
 15  13 0.79
 15  14 0.39
 15  15 1.00
 15  16 0.64
 15  17 0.66
 15  18 0.78
 15  19 0.70
 15  20 0.52
 15  21 0.70
 15  22 0.48
 16   1 0.57
 16   2 0.46
 16   3 0.42
 16   4 0.52
 16   5 0.54
 16   6 0.55
 16   7 0.48
 16   8 0.59
 16   9 0.52
 16  10 0.65
 16  11 0.50
 16  12 0.62
 16  13 0.57
 16  14 0.41
 16  15 0.64
 16  16 1.00
 16  17 0.69
 16  18 0.60
 16  19 0.64
 16  20 0.50
 16  21 0.60
 16  22 0.39
 17   1 0.61
 17   2 0.44
 17   3 0.46
 17   4 0.52
 17   5 0.52
 17   6 0.51
 17   7 0.40
 17   8 0.50
 17   9 0.53
 17  10 0.70
 17  11 0.57
 17  12 0.56
 17  13 0.66
 17  14 0.50
 17  15 0.66
 17  16 0.69
 17  17 1.00
 17  18 0.62
 17  19 0.64
 17  20 0.52
 17  21 0.59
 17  22 0.36
 18   1 0.66
 18   2 0.58
 18   3 0.40
 18   4 0.37
 18   5 0.49
 18   6 0.63
 18   7 0.49
 18   8 0.61
 18   9 0.57
 18  10 0.65
 18  11 0.58
 18  12 0.69
 18  13 0.70
 18  14 0.40
 18  15 0.78
 18  16 0.60
 18  17 0.62
 18  18 1.00
 18  19 0.66
 18  20 0.49
 18  21 0.65
 18  22 0.44
 19   1 0.70
 19   2 0.41
 19   3 0.48
 19   4 0.58
 19   5 0.62
 19   6 0.62
 19   7 0.57
 19   8 0.57
 19   9 0.66
 19  10 0.62
 19  11 0.54
 19  12 0.65
 19  13 0.66
 19  14 0.31
 19  15 0.70
 19  16 0.64
 19  17 0.64
 19  18 0.66
 19  19 1.00
 19  20 0.60
 19  21 0.64
 19  22 0.38
 20   1 0.52
 20   2 0.39
 20   3 0.43
 20   4 0.46
 20   5 0.67
 20   6 0.43
 20   7 0.52
 20   8 0.54
 20   9 0.40
 20  10 0.46
 20  11 0.53
 20  12 0.51
 20  13 0.54
 20  14 0.35
 20  15 0.52
 20  16 0.50
 20  17 0.52
 20  18 0.49
 20  19 0.60
 20  20 1.00
 20  21 0.47
 20  22 0.44
 21   1 0.65
 21   2 0.54
 21   3 0.40
 21   4 0.42
 21   5 0.55
 21   6 0.78
 21   7 0.49
 21   8 0.59
 21   9 0.46
 21  10 0.64
 21  11 0.57
 21  12 0.74
 21  13 0.70
 21  14 0.36
 21  15 0.70
 21  16 0.60
 21  17 0.59
 21  18 0.65
 21  19 0.64
 21  20 0.47
 21  21 1.00
 21  22 0.41
 22   1 0.39
 22   2 0.41
 22   3 0.40
 22   4 0.22
 22   5 0.51
 22   6 0.33
 22   7 0.53
 22   8 0.53
 22   9 0.26
 22  10 0.41
 22  11 0.38
 22  12 0.43
 22  13 0.49
 22  14 0.32
 22  15 0.48
 22  16 0.39
 22  17 0.36
 22  18 0.44
 22  19 0.38
 22  20 0.44
 22  21 0.41
 22  22 1.00
