  1   1 1.00
  1   2 0.26
  1   3 0.29
  1   5 0.45
  1   6 0.34
  1   7 0.16
  1   8 0.28
  1   9 0.38
  1  10 0.40
  1  11 0.36
  1  12 0.21
  1  13 0.39
  1  14 0.15
  1  15 0.33
  1  16 0.24
  1  17 0.35
  1  18 0.40
  1  19 0.39
  1  21 0.38
  1  22 0.36
  2   1 0.26
  2   2 1.00
  2   3 0.25
  2   5 0.23
  2   6 0.32
  2   7 0.13
  2   8 0.29
  2   9 0.27
  2  10 0.40
  2  11 0.25
  2  12 0.24
  2  13 0.28
  2  14 0.16
  2  15 0.40
  2  16 0.24
  2  17 0.26
  2  18 0.47
  2  19 0.31
  2  21 0.43
  2  22 0.39
  3   1 0.29
  3   2 0.25
  3   3 1.00
  3   5 0.29
  3   6 0.31
  3   7 0.14
  3   8 0.23
  3   9 0.28
  3  10 0.35
  3  11 0.30
  3  12 0.21
  3  13 0.25
  3  14 0.14
  3  15 0.35
  3  16 0.20
  3  17 0.30
  3  18 0.31
  3  19 0.35
  3  21 0.27
  3  22 0.25
  5   1 0.45
  5   2 0.23
  5   3 0.29
  5   5 1.00
  5   6 0.31
  5   7 0.14
  5   8 0.28
  5   9 0.53
  5  10 0.40
  5  11 0.33
  5  12 0.22
  5  13 0.34
  5  14 0.22
  5  15 0.48
  5  16 0.22
  5  17 0.37
  5  18 0.37
  5  19 0.38
  5  21 0.44
  5  22 0.33
  6   1 0.34
  6   2 0.32
  6   3 0.31
  6   5 0.31
  6   6 1.00
  6   7 0.28
  6   8 0.37
  6   9 0.25
  6  10 0.49
  6  11 0.37
  6  12 0.43
  6  13 0.43
  6  14 0.19
  6  15 0.44
  6  16 0.64
  6  17 0.40
  6  18 0.45
  6  19 0.56
  6  21 0.52
  6  22 0.54
  7   1 0.16
  7   2 0.13
  7   3 0.14
  7   5 0.14
  7   6 0.28
  7   7 1.00
  7   8 0.42
  7   9 0.19
  7  10 0.30
  7  11 0.18
  7  12 0.38
  7  13 0.25
  7  14 0.08
  7  15 0.21
  7  16 0.32
  7  17 0.13
  7  18 0.23
  7  19 0.39
  7  21 0.37
  7  22 0.32
  8   1 0.28
  8   2 0.29
  8   3 0.23
  8   5 0.28
  8   6 0.37
  8   7 0.42
  8   8 1.00
  8   9 0.39
  8  10 0.47
  8  11 0.29
  8  12 0.41
  8  13 0.46
  8  14 0.12
  8  15 0.37
  8  16 0.46
  8  17 0.27
  8  18 0.44
  8  19 0.53
  8  21 0.46
  8  22 0.48
  9   1 0.38
  9   2 0.27
  9   3 0.28
  9   5 0.53
  9   6 0.25
  9   7 0.19
  9   8 0.39
  9   9 1.00
  9  10 0.36
  9  11 0.37
  9  12 0.24
  9  13 0.42
  9  14 0.13
  9  15 0.35
  9  16 0.21
  9  17 0.38
  9  18 0.41
  9  19 0.41
  9  21 0.42
  9  22 0.30
 10   1 0.40
 10   2 0.40
 10   3 0.35
 10   5 0.40
 10   6 0.49
 10   7 0.30
 10   8 0.47
 10   9 0.36
 10  10 1.00
 10  11 0.44
 10  12 0.37
 10  13 0.49
 10  14 0.17
 10  15 0.54
 10  16 0.48
 10  17 0.51
 10  18 0.61
 10  19 0.65
 10  21 0.58
 10  22 0.59
 11   1 0.36
 11   2 0.25
 11   3 0.30
 11   5 0.33
 11   6 0.37
 11   7 0.18
 11   8 0.29
 11   9 0.37
 11  10 0.44
 11  11 1.00
 11  12 0.28
 11  13 0.37
 11  14 0.16
 11  15 0.32
 11  16 0.30
 11  17 0.39
 11  18 0.45
 11  19 0.42
 11  21 0.39
 11  22 0.41
 12   1 0.21
 12   2 0.24
 12   3 0.21
 12   5 0.22
 12   6 0.43
 12   7 0.38
 12   8 0.41
 12   9 0.24
 12  10 0.37
 12  11 0.28
 12  12 1.00
 12  13 0.30
 12  14 0.13
 12  15 0.33
 12  16 0.46
 12  17 0.14
 12  18 0.39
 12  19 0.49
 12  21 0.46
 12  22 0.47
 13   1 0.39
 13   2 0.28
 13   3 0.25
 13   5 0.34
 13   6 0.43
 13   7 0.25
 13   8 0.46
 13   9 0.42
 13  10 0.49
 13  11 0.37
 13  12 0.30
 13  13 1.00
 13  14 0.18
 13  15 0.41
 13  16 0.39
 13  17 0.48
 13  18 0.45
 13  19 0.51
 13  21 0.44
 13  22 0.45
 14   1 0.15
 14   2 0.16
 14   3 0.14
 14   5 0.22
 14   6 0.19
 14   7 0.08
 14   8 0.12
 14   9 0.13
 14  10 0.17
 14  11 0.16
 14  12 0.13
 14  13 0.18
 14  14 1.00
 14  15 0.26
 14  16 0.14
 14  17 0.15
 14  18 0.13
 14  19 0.16
 14  21 0.18
 14  22 0.16
 15   1 0.33
 15   2 0.40
 15   3 0.35
 15   5 0.48
 15   6 0.44
 15   7 0.21
 15   8 0.37
 15   9 0.35
 15  10 0.54
 15  11 0.32
 15  12 0.33
 15  13 0.41
 15  14 0.26
 15  15 1.00
 15  16 0.39
 15  17 0.40
 15  18 0.47
 15  19 0.51
 15  21 0.54
 15  22 0.43
 16   1 0.24
 16   2 0.24
 16   3 0.20
 16   5 0.22
 16   6 0.64
 16   7 0.32
 16   8 0.46
 16   9 0.21
 16  10 0.48
 16  11 0.30
 16  12 0.46
 16  13 0.39
 16  14 0.14
 16  15 0.39
 16  16 1.00
 16  17 0.30
 16  18 0.46
 16  19 0.61
 16  21 0.53
 16  22 0.56
 17   1 0.35
 17   2 0.26
 17   3 0.30
 17   5 0.37
 17   6 0.40
 17   7 0.13
 17   8 0.27
 17   9 0.38
 17  10 0.51
 17  11 0.39
 17  12 0.14
 17  13 0.48
 17  14 0.15
 17  15 0.40
 17  16 0.30
 17  17 1.00
 17  18 0.44
 17  19 0.42
 17  21 0.39
 17  22 0.36
 18   1 0.40
 18   2 0.47
 18   3 0.31
 18   5 0.37
 18   6 0.45
 18   7 0.23
 18   8 0.44
 18   9 0.41
 18  10 0.61
 18  11 0.45
 18  12 0.39
 18  13 0.45
 18  14 0.13
 18  15 0.47
 18  16 0.46
 18  17 0.44
 18  18 1.00
 18  19 0.60
 18  21 0.59
 18  22 0.64
 19   1 0.39
 19   2 0.31
 19   3 0.35
 19   5 0.38
 19   6 0.56
 19   7 0.39
 19   8 0.53
 19   9 0.41
 19  10 0.65
 19  11 0.42
 19  12 0.49
 19  13 0.51
 19  14 0.16
 19  15 0.51
 19  16 0.61
 19  17 0.42
 19  18 0.60
 19  19 1.00
 19  21 0.60
 19  22 0.58
 21   1 0.38
 21   2 0.43
 21   3 0.27
 21   5 0.44
 21   6 0.52
 21   7 0.37
 21   8 0.46
 21   9 0.42
 21  10 0.58
 21  11 0.39
 21  12 0.46
 21  13 0.44
 21  14 0.18
 21  15 0.54
 21  16 0.53
 21  17 0.39
 21  18 0.59
 21  19 0.60
 21  21 1.00
 21  22 0.54
 22   1 0.36
 22   2 0.39
 22   3 0.25
 22   5 0.33
 22   6 0.54
 22   7 0.32
 22   8 0.48
 22   9 0.30
 22  10 0.59
 22  11 0.41
 22  12 0.47
 22  13 0.45
 22  14 0.16
 22  15 0.43
 22  16 0.56
 22  17 0.36
 22  18 0.64
 22  19 0.58
 22  21 0.54
 22  22 1.00
