  1   1 1.00
  1   2 0.73
  1   3 0.51
  1   4 0.42
  1   5 0.53
  1   6 0.71
  1   7 0.35
  1   8 0.61
  1   9 0.61
  1  10 0.63
  1  11 0.59
  1  12 0.51
  1  13 0.50
  1  14 0.58
  1  15 0.50
  1  16 0.63
  1  17 0.52
  1  18 0.56
  1  19 0.70
  1  20 0.40
  1  21 0.27
  1  22 0.49
  2   1 0.73
  2   2 1.00
  2   3 0.66
  2   4 0.46
  2   5 0.54
  2   6 0.63
  2   7 0.38
  2   8 0.59
  2   9 0.74
  2  10 0.66
  2  11 0.66
  2  12 0.59
  2  13 0.55
  2  14 0.61
  2  15 0.56
  2  16 0.65
  2  17 0.53
  2  18 0.54
  2  19 0.61
  2  20 0.36
  2  21 0.37
  2  22 0.55
  3   1 0.51
  3   2 0.66
  3   3 1.00
  3   4 0.40
  3   5 0.45
  3   6 0.49
  3   7 0.44
  3   8 0.59
  3   9 0.58
  3  10 0.64
  3  11 0.72
  3  12 0.51
  3  13 0.53
  3  14 0.50
  3  15 0.49
  3  16 0.53
  3  17 0.57
  3  18 0.42
  3  19 0.60
  3  20 0.44
  3  21 0.39
  3  22 0.51
  4   1 0.42
  4   2 0.46
  4   3 0.40
  4   4 1.00
  4   5 0.56
  4   6 0.55
  4   7 0.47
  4   8 0.58
  4   9 0.51
  4  10 0.38
  4  11 0.59
  4  12 0.51
  4  13 0.49
  4  14 0.53
  4  15 0.43
  4  16 0.54
  4  17 0.49
  4  18 0.41
  4  19 0.55
  4  20 0.33
  4  21 0.25
  4  22 0.45
  5   1 0.53
  5   2 0.54
  5   3 0.45
  5   4 0.56
  5   5 1.00
  5   6 0.66
  5   7 0.30
  5   8 0.70
  5   9 0.68
  5  10 0.34
  5  11 0.63
  5  12 0.71
  5  13 0.81
  5  14 0.77
  5  15 0.78
  5  16 0.80
  5  17 0.48
  5  18 0.58
  5  19 0.60
  5  20 0.33
  5  21 0.18
  5  22 0.46
  6   1 0.71
  6   2 0.63
  6   3 0.49
  6   4 0.55
  6   5 0.66
  6   6 1.00
  6   7 0.51
  6   8 0.75
  6   9 0.58
  6  10 0.44
  6  11 0.66
  6  12 0.53
  6  13 0.67
  6  14 0.71
  6  15 0.55
  6  16 0.75
  6  17 0.62
  6  18 0.72
  6  19 0.86
  6  20 0.59
  6  21 0.30
  6  22 0.44
  7   1 0.35
  7   2 0.38
  7   3 0.44
  7   4 0.47
  7   5 0.30
  7   6 0.51
  7   7 1.00
  7   8 0.47
  7   9 0.32
  7  10 0.26
  7  11 0.43
  7  12 0.28
  7  13 0.36
  7  14 0.34
  7  15 0.24
  7  16 0.32
  7  17 0.47
  7  18 0.45
  7  19 0.57
  7  20 0.41
  7  21 0.28
  7  22 0.31
  8   1 0.61
  8   2 0.59
  8   3 0.59
  8   4 0.58
  8   5 0.70
  8   6 0.75
  8   7 0.47
  8   8 1.00
  8   9 0.58
  8  10 0.42
  8  11 0.70
  8  12 0.69
  8  13 0.73
  8  14 0.72
  8  15 0.66
  8  16 0.72
  8  17 0.68
  8  18 0.75
  8  19 0.73
  8  20 0.47
  8  21 0.26
  8  22 0.47
  9   1 0.61
  9   2 0.74
  9   3 0.58
  9   4 0.51
  9   5 0.68
  9   6 0.58
  9   7 0.32
  9   8 0.58
  9   9 1.00
  9  10 0.64
  9  11 0.72
  9  12 0.68
  9  13 0.65
  9  14 0.71
  9  15 0.69
  9  16 0.73
  9  17 0.53
  9  18 0.43
  9  19 0.55
  9  20 0.36
  9  21 0.26
  9  22 0.65
 10   1 0.63
 10   2 0.66
 10   3 0.64
 10   4 0.38
 10   5 0.34
 10   6 0.44
 10   7 0.26
 10   8 0.42
 10   9 0.64
 10  10 1.00
 10  11 0.58
 10  12 0.46
 10  13 0.33
 10  14 0.44
 10  15 0.35
 10  16 0.47
 10  17 0.51
 10  18 0.28
 10  19 0.48
 10  20 0.35
 10  21 0.32
 10  22 0.58
 11   1 0.59
 11   2 0.66
 11   3 0.72
 11   4 0.59
 11   5 0.63
 11   6 0.66
 11   7 0.43
 11   8 0.70
 11   9 0.72
 11  10 0.58
 11  11 1.00
 11  12 0.73
 11  13 0.68
 11  14 0.65
 11  15 0.59
 11  16 0.75
 11  17 0.70
 11  18 0.54
 11  19 0.69
 11  20 0.54
 11  21 0.32
 11  22 0.61
 12   1 0.51
 12   2 0.59
 12   3 0.51
 12   4 0.51
 12   5 0.71
 12   6 0.53
 12   7 0.28
 12   8 0.69
 12   9 0.68
 12  10 0.46
 12  11 0.73
 12  12 1.00
 12  13 0.66
 12  14 0.69
 12  15 0.65
 12  16 0.75
 12  17 0.58
 12  18 0.55
 12  19 0.53
 12  20 0.34
 12  21 0.25
 12  22 0.57
 13   1 0.50
 13   2 0.55
 13   3 0.53
 13   4 0.49
 13   5 0.81
 13   6 0.67
 13   7 0.36
 13   8 0.73
 13   9 0.65
 13  10 0.33
 13  11 0.68
 13  12 0.66
 13  13 1.00
 13  14 0.69
 13  15 0.80
 13  16 0.71
 13  17 0.65
 13  18 0.72
 13  19 0.65
 13  20 0.44
 13  21 0.22
 13  22 0.44
 14   1 0.58
 14   2 0.61
 14   3 0.50
 14   4 0.53
 14   5 0.77
 14   6 0.71
 14   7 0.34
 14   8 0.72
 14   9 0.71
 14  10 0.44
 14  11 0.65
 14  12 0.69
 14  13 0.69
 14  14 1.00
 14  15 0.74
 14  16 0.80
 14  17 0.54
 14  18 0.57
 14  19 0.62
 14  20 0.44
 14  21 0.26
 14  22 0.51
 15   1 0.50
 15   2 0.56
 15   3 0.49
 15   4 0.43
 15   5 0.78
 15   6 0.55
 15   7 0.24
 15   8 0.66
 15   9 0.69
 15  10 0.35
 15  11 0.59
 15  12 0.65
 15  13 0.80
 15  14 0.74
 15  15 1.00
 15  16 0.70
 15  17 0.45
 15  18 0.57
 15  19 0.51
 15  20 0.27
 15  21 0.16
 15  22 0.40
 16   1 0.63
 16   2 0.65
 16   3 0.53
 16   4 0.54
 16   5 0.80
 16   6 0.75
 16   7 0.32
 16   8 0.72
 16   9 0.73
 16  10 0.47
 16  11 0.75
 16  12 0.75
 16  13 0.71
 16  14 0.80
 16  15 0.70
 16  16 1.00
 16  17 0.55
 16  18 0.60
 16  19 0.69
 16  20 0.36
 16  21 0.24
 16  22 0.51
 17   1 0.52
 17   2 0.53
 17   3 0.57
 17   4 0.49
 17   5 0.48
 17   6 0.62
 17   7 0.47
 17   8 0.68
 17   9 0.53
 17  10 0.51
 17  11 0.70
 17  12 0.58
 17  13 0.65
 17  14 0.54
 17  15 0.45
 17  16 0.55
 17  17 1.00
 17  18 0.60
 17  19 0.67
 17  20 0.58
 17  21 0.39
 17  22 0.59
 18   1 0.56
 18   2 0.54
 18   3 0.42
 18   4 0.41
 18   5 0.58
 18   6 0.72
 18   7 0.45
 18   8 0.75
 18   9 0.43
 18  10 0.28
 18  11 0.54
 18  12 0.55
 18  13 0.72
 18  14 0.57
 18  15 0.57
 18  16 0.60
 18  17 0.60
 18  18 1.00
 18  19 0.69
 18  20 0.39
 18  21 0.22
 18  22 0.30
 19   1 0.70
 19   2 0.61
 19   3 0.60
 19   4 0.55
 19   5 0.60
 19   6 0.86
 19   7 0.57
 19   8 0.73
 19   9 0.55
 19  10 0.48
 19  11 0.69
 19  12 0.53
 19  13 0.65
 19  14 0.62
 19  15 0.51
 19  16 0.69
 19  17 0.67
 19  18 0.69
 19  19 1.00
 19  20 0.62
 19  21 0.43
 19  22 0.48
 20   1 0.40
 20   2 0.36
 20   3 0.44
 20   4 0.33
 20   5 0.33
 20   6 0.59
 20   7 0.41
 20   8 0.47
 20   9 0.36
 20  10 0.35
 20  11 0.54
 20  12 0.34
 20  13 0.44
 20  14 0.44
 20  15 0.27
 20  16 0.36
 20  17 0.58
 20  18 0.39
 20  19 0.62
 20  20 1.00
 20  21 0.39
 20  22 0.55
 21   1 0.27
 21   2 0.37
 21   3 0.39
 21   4 0.25
 21   5 0.18
 21   6 0.30
 21   7 0.28
 21   8 0.26
 21   9 0.26
 21  10 0.32
 21  11 0.32
 21  12 0.25
 21  13 0.22
 21  14 0.26
 21  15 0.16
 21  16 0.24
 21  17 0.39
 21  18 0.22
 21  19 0.43
 21  20 0.39
 21  21 1.00
 21  22 0.37
 22   1 0.49
 22   2 0.55
 22   3 0.51
 22   4 0.45
 22   5 0.46
 22   6 0.44
 22   7 0.31
 22   8 0.47
 22   9 0.65
 22  10 0.58
 22  11 0.61
 22  12 0.57
 22  13 0.44
 22  14 0.51
 22  15 0.40
 22  16 0.51
 22  17 0.59
 22  18 0.30
 22  19 0.48
 22  20 0.55
 22  21 0.37
 22  22 1.00
