  1   1 1.00
  1   2 0.78
  1   3 0.60
  1   4 0.37
  1   5 0.78
  1   6 0.66
  1   7 0.58
  1   8 0.82
  1   9 0.78
  1  10 0.71
  1  11 0.59
  1  12 0.67
  1  13 0.75
  1  14 0.72
  1  15 0.64
  1  16 0.68
  1  17 0.70
  1  18 0.66
  1  19 0.75
  1  20 0.66
  1  21 0.56
  1  22 0.39
  2   1 0.78
  2   2 1.00
  2   3 0.47
  2   4 0.31
  2   5 0.76
  2   6 0.58
  2   7 0.48
  2   8 0.67
  2   9 0.70
  2  10 0.67
  2  11 0.47
  2  12 0.70
  2  13 0.66
  2  14 0.65
  2  15 0.52
  2  16 0.64
  2  17 0.64
  2  18 0.56
  2  19 0.66
  2  20 0.52
  2  21 0.51
  2  22 0.40
  3   1 0.60
  3   2 0.47
  3   3 1.00
  3   4 0.47
  3   5 0.53
  3   6 0.74
  3   7 0.73
  3   8 0.65
  3   9 0.62
  3  10 0.71
  3  11 0.77
  3  12 0.63
  3  13 0.70
  3  14 0.72
  3  15 0.59
  3  16 0.69
  3  17 0.79
  3  18 0.74
  3  19 0.78
  3  20 0.65
  3  21 0.63
  3  22 0.49
  4   1 0.37
  4   2 0.31
  4   3 0.47
  4   4 1.00
  4   5 0.35
  4   6 0.48
  4   7 0.50
  4   8 0.46
  4   9 0.39
  4  10 0.43
  4  11 0.52
  4  12 0.45
  4  13 0.45
  4  14 0.50
  4  15 0.42
  4  16 0.52
  4  17 0.47
  4  18 0.53
  4  19 0.46
  4  20 0.47
  4  21 0.38
  4  22 0.41
  5   1 0.78
  5   2 0.76
  5   3 0.53
  5   4 0.35
  5   5 1.00
  5   6 0.61
  5   7 0.52
  5   8 0.72
  5   9 0.80
  5  10 0.76
  5  11 0.57
  5  12 0.63
  5  13 0.74
  5  14 0.74
  5  15 0.65
  5  16 0.64
  5  17 0.72
  5  18 0.65
  5  19 0.70
  5  20 0.67
  5  21 0.55
  5  22 0.29
  6   1 0.66
  6   2 0.58
  6   3 0.74
  6   4 0.48
  6   5 0.61
  6   6 1.00
  6   7 0.80
  6   8 0.75
  6   9 0.61
  6  10 0.71
  6  11 0.79
  6  12 0.68
  6  13 0.68
  6  14 0.74
  6  15 0.62
  6  16 0.73
  6  17 0.76
  6  18 0.82
  6  19 0.78
  6  20 0.74
  6  21 0.77
  6  22 0.50
  7   1 0.58
  7   2 0.48
  7   3 0.73
  7   4 0.50
  7   5 0.52
  7   6 0.80
  7   7 1.00
  7   8 0.67
  7   9 0.51
  7  10 0.67
  7  11 0.74
  7  12 0.57
  7  13 0.63
  7  14 0.70
  7  15 0.53
  7  16 0.75
  7  17 0.72
  7  18 0.77
  7  19 0.71
  7  20 0.70
  7  21 0.69
  7  22 0.42
  8   1 0.82
  8   2 0.67
  8   3 0.65
  8   4 0.46
  8   5 0.72
  8   6 0.75
  8   7 0.67
  8   8 1.00
  8   9 0.76
  8  10 0.70
  8  11 0.62
  8  12 0.66
  8  13 0.74
  8  14 0.72
  8  15 0.68
  8  16 0.72
  8  17 0.72
  8  18 0.73
  8  19 0.79
  8  20 0.75
  8  21 0.64
  8  22 0.38
  9   1 0.78
  9   2 0.70
  9   3 0.62
  9   4 0.39
  9   5 0.80
  9   6 0.61
  9   7 0.51
  9   8 0.76
  9   9 1.00
  9  10 0.73
  9  11 0.57
  9  12 0.67
  9  13 0.75
  9  14 0.74
  9  15 0.73
  9  16 0.61
  9  17 0.73
  9  18 0.66
  9  19 0.78
  9  20 0.71
  9  21 0.57
  9  22 0.41
 10   1 0.71
 10   2 0.67
 10   3 0.71
 10   4 0.43
 10   5 0.76
 10   6 0.71
 10   7 0.67
 10   8 0.70
 10   9 0.73
 10  10 1.00
 10  11 0.74
 10  12 0.76
 10  13 0.80
 10  14 0.88
 10  15 0.61
 10  16 0.75
 10  17 0.86
 10  18 0.77
 10  19 0.79
 10  20 0.68
 10  21 0.62
 10  22 0.46
 11   1 0.59
 11   2 0.47
 11   3 0.77
 11   4 0.52
 11   5 0.57
 11   6 0.79
 11   7 0.74
 11   8 0.62
 11   9 0.57
 11  10 0.74
 11  11 1.00
 11  12 0.63
 11  13 0.66
 11  14 0.78
 11  15 0.60
 11  16 0.70
 11  17 0.80
 11  18 0.78
 11  19 0.73
 11  20 0.70
 11  21 0.71
 11  22 0.50
 12   1 0.67
 12   2 0.70
 12   3 0.63
 12   4 0.45
 12   5 0.63
 12   6 0.68
 12   7 0.57
 12   8 0.66
 12   9 0.67
 12  10 0.76
 12  11 0.63
 12  12 1.00
 12  13 0.76
 12  14 0.73
 12  15 0.56
 12  16 0.77
 12  17 0.75
 12  18 0.70
 12  19 0.75
 12  20 0.57
 12  21 0.60
 12  22 0.51
 13   1 0.75
 13   2 0.66
 13   3 0.70
 13   4 0.45
 13   5 0.74
 13   6 0.68
 13   7 0.63
 13   8 0.74
 13   9 0.75
 13  10 0.80
 13  11 0.66
 13  12 0.76
 13  13 1.00
 13  14 0.81
 13  15 0.60
 13  16 0.77
 13  17 0.81
 13  18 0.71
 13  19 0.78
 13  20 0.67
 13  21 0.56
 13  22 0.46
 14   1 0.72
 14   2 0.65
 14   3 0.72
 14   4 0.50
 14   5 0.74
 14   6 0.74
 14   7 0.70
 14   8 0.72
 14   9 0.74
 14  10 0.88
 14  11 0.78
 14  12 0.73
 14  13 0.81
 14  14 1.00
 14  15 0.63
 14  16 0.76
 14  17 0.85
 14  18 0.76
 14  19 0.79
 14  20 0.72
 14  21 0.62
 14  22 0.49
 15   1 0.64
 15   2 0.52
 15   3 0.59
 15   4 0.42
 15   5 0.65
 15   6 0.62
 15   7 0.53
 15   8 0.68
 15   9 0.73
 15  10 0.61
 15  11 0.60
 15  12 0.56
 15  13 0.60
 15  14 0.63
 15  15 1.00
 15  16 0.53
 15  17 0.66
 15  18 0.70
 15  19 0.74
 15  20 0.70
 15  21 0.70
 15  22 0.34
 16   1 0.68
 16   2 0.64
 16   3 0.69
 16   4 0.52
 16   5 0.64
 16   6 0.73
 16   7 0.75
 16   8 0.72
 16   9 0.61
 16  10 0.75
 16  11 0.70
 16  12 0.77
 16  13 0.77
 16  14 0.76
 16  15 0.53
 16  16 1.00
 16  17 0.76
 16  18 0.74
 16  19 0.77
 16  20 0.65
 16  21 0.65
 16  22 0.44
 17   1 0.70
 17   2 0.64
 17   3 0.79
 17   4 0.47
 17   5 0.72
 17   6 0.76
 17   7 0.72
 17   8 0.72
 17   9 0.73
 17  10 0.86
 17  11 0.80
 17  12 0.75
 17  13 0.81
 17  14 0.85
 17  15 0.66
 17  16 0.76
 17  17 1.00
 17  18 0.81
 17  19 0.82
 17  20 0.70
 17  21 0.69
 17  22 0.51
 18   1 0.66
 18   2 0.56
 18   3 0.74
 18   4 0.53
 18   5 0.65
 18   6 0.82
 18   7 0.77
 18   8 0.73
 18   9 0.66
 18  10 0.77
 18  11 0.78
 18  12 0.70
 18  13 0.71
 18  14 0.76
 18  15 0.70
 18  16 0.74
 18  17 0.81
 18  18 1.00
 18  19 0.78
 18  20 0.72
 18  21 0.75
 18  22 0.48
 19   1 0.75
 19   2 0.66
 19   3 0.78
 19   4 0.46
 19   5 0.70
 19   6 0.78
 19   7 0.71
 19   8 0.79
 19   9 0.78
 19  10 0.79
 19  11 0.73
 19  12 0.75
 19  13 0.78
 19  14 0.79
 19  15 0.74
 19  16 0.77
 19  17 0.82
 19  18 0.78
 19  19 1.00
 19  20 0.74
 19  21 0.76
 19  22 0.47
 20   1 0.66
 20   2 0.52
 20   3 0.65
 20   4 0.47
 20   5 0.67
 20   6 0.74
 20   7 0.70
 20   8 0.75
 20   9 0.71
 20  10 0.68
 20  11 0.70
 20  12 0.57
 20  13 0.67
 20  14 0.72
 20  15 0.70
 20  16 0.65
 20  17 0.70
 20  18 0.72
 20  19 0.74
 20  20 1.00
 20  21 0.70
 20  22 0.38
 21   1 0.56
 21   2 0.51
 21   3 0.63
 21   4 0.38
 21   5 0.55
 21   6 0.77
 21   7 0.69
 21   8 0.64
 21   9 0.57
 21  10 0.62
 21  11 0.71
 21  12 0.60
 21  13 0.56
 21  14 0.62
 21  15 0.70
 21  16 0.65
 21  17 0.69
 21  18 0.75
 21  19 0.76
 21  20 0.70
 21  21 1.00
 21  22 0.36
 22   1 0.39
 22   2 0.40
 22   3 0.49
 22   4 0.41
 22   5 0.29
 22   6 0.50
 22   7 0.42
 22   8 0.38
 22   9 0.41
 22  10 0.46
 22  11 0.50
 22  12 0.51
 22  13 0.46
 22  14 0.49
 22  15 0.34
 22  16 0.44
 22  17 0.51
 22  18 0.48
 22  19 0.47
 22  20 0.38
 22  21 0.36
 22  22 1.00
