  1   1 1.00
  1   2 0.37
  1   3 0.58
  1   4 0.12
  1   5 0.47
  1   6 0.77
  1   7 0.72
  1   8 0.51
  1   9 0.66
  1  10 0.64
  1  11 0.25
  1  12 0.47
  1  13 0.33
  1  14 0.77
  1  15 0.58
  1  16 0.33
  1  17 0.53
  1  18 0.44
  1  19 0.30
  1  20 0.46
  1  21 0.55
  1  22 0.32
  2   1 0.37
  2   2 1.00
  2   3 0.11
  2   4 0.03
  2   5 0.33
  2   6 0.35
  2   7 0.31
  2   8 0.40
  2   9 0.43
  2  10 0.19
  2  11 0.13
  2  12 0.28
  2  13 0.20
  2  14 0.37
  2  15 0.24
  2  16 0.25
  2  17 0.20
  2  18 0.24
  2  19 0.20
  2  20 0.23
  2  21 0.24
  2  22 0.24
  3   1 0.58
  3   2 0.11
  3   3 1.00
  3   4 0.16
  3   5 0.40
  3   6 0.38
  3   7 0.54
  3   8 0.16
  3   9 0.46
  3  10 0.67
  3  11 0.35
  3  12 0.31
  3  13 0.26
  3  14 0.60
  3  15 0.60
  3  16 0.33
  3  17 0.37
  3  18 0.36
  3  19 0.27
  3  20 0.46
  3  21 0.39
  3  22 0.14
  4   1 0.12
  4   2 0.03
  4   3 0.16
  4   4 1.00
  4   5 0.08
  4   6 0.08
  4   7 0.08
  4   8 0.05
  4   9 0.05
  4  10 0.06
  4  11 0.18
  4  12 0.03
  4  13 0.03
  4  14 0.09
  4  15 0.14
  4  16 0.03
  4  17 0.06
  4  18 0.13
  4  19 0.03
  4  20 0.11
  4  21 0.05
  4  22 0.05
  5   1 0.47
  5   2 0.33
  5   3 0.40
  5   4 0.08
  5   5 1.00
  5   6 0.55
  5   7 0.40
  5   8 0.32
  5   9 0.52
  5  10 0.51
  5  11 0.62
  5  12 0.51
  5  13 0.59
  5  14 0.54
  5  15 0.69
  5  16 0.66
  5  17 0.52
  5  18 0.73
  5  19 0.55
  5  20 0.59
  5  21 0.46
  5  22 0.17
  6   1 0.77
  6   2 0.35
  6   3 0.38
  6   4 0.08
  6   5 0.55
  6   6 1.00
  6   7 0.59
  6   8 0.53
  6   9 0.72
  6  10 0.62
  6  11 0.31
  6  12 0.43
  6  13 0.38
  6  14 0.82
  6  15 0.62
  6  16 0.45
  6  17 0.72
  6  18 0.57
  6  19 0.44
  6  20 0.64
  6  21 0.70
  6  22 0.20
  7   1 0.72
  7   2 0.31
  7   3 0.54
  7   4 0.08
  7   5 0.40
  7   6 0.59
  7   7 1.00
  7   8 0.57
  7   9 0.42
  7  10 0.51
  7  11 0.34
  7  12 0.32
  7  13 0.23
  7  14 0.71
  7  15 0.60
  7  16 0.37
  7  17 0.32
  7  18 0.58
  7  19 0.44
  7  20 0.60
  7  21 0.40
  7  22 0.26
  8   1 0.51
  8   2 0.40
  8   3 0.16
  8   4 0.05
  8   5 0.32
  8   6 0.53
  8   7 0.57
  8   8 1.00
  8   9 0.40
  8  10 0.47
  8  11 0.15
  8  12 0.15
  8  13 0.17
  8  14 0.46
  8  15 0.24
  8  16 0.16
  8  17 0.40
  8  18 0.40
  8  19 0.23
  8  20 0.36
  8  21 0.33
  8  22 0.44
  9   1 0.66
  9   2 0.43
  9   3 0.46
  9   4 0.05
  9   5 0.52
  9   6 0.72
  9   7 0.42
  9   8 0.40
  9   9 1.00
  9  10 0.64
  9  11 0.21
  9  12 0.54
  9  13 0.35
  9  14 0.61
  9  15 0.52
  9  16 0.41
  9  17 0.66
  9  18 0.39
  9  19 0.35
  9  20 0.41
  9  21 0.66
  9  22 0.14
 10   1 0.64
 10   2 0.19
 10   3 0.67
 10   4 0.06
 10   5 0.51
 10   6 0.62
 10   7 0.51
 10   8 0.47
 10   9 0.64
 10  10 1.00
 10  11 0.23
 10  12 0.36
 10  13 0.38
 10  14 0.64
 10  15 0.49
 10  16 0.36
 10  17 0.67
 10  18 0.41
 10  19 0.35
 10  20 0.48
 10  21 0.50
 10  22 0.20
 11   1 0.25
 11   2 0.13
 11   3 0.35
 11   4 0.18
 11   5 0.62
 11   6 0.31
 11   7 0.34
 11   8 0.15
 11   9 0.21
 11  10 0.23
 11  11 1.00
 11  12 0.28
 11  13 0.36
 11  14 0.33
 11  15 0.58
 11  16 0.50
 11  17 0.30
 11  18 0.66
 11  19 0.50
 11  20 0.52
 11  21 0.39
 11  22 0.19
 12   1 0.47
 12   2 0.28
 12   3 0.31
 12   4 0.03
 12   5 0.51
 12   6 0.43
 12   7 0.32
 12   8 0.15
 12   9 0.54
 12  10 0.36
 12  11 0.28
 12  12 1.00
 12  13 0.64
 12  14 0.38
 12  15 0.51
 12  16 0.65
 12  17 0.37
 12  18 0.37
 12  19 0.45
 12  20 0.39
 12  21 0.46
 12  22 0.04
 13   1 0.33
 13   2 0.20
 13   3 0.26
 13   4 0.03
 13   5 0.59
 13   6 0.38
 13   7 0.23
 13   8 0.17
 13   9 0.35
 13  10 0.38
 13  11 0.36
 13  12 0.64
 13  13 1.00
 13  14 0.32
 13  15 0.48
 13  16 0.64
 13  17 0.44
 13  18 0.45
 13  19 0.51
 13  20 0.41
 13  21 0.32
 13  22 0.12
 14   1 0.77
 14   2 0.37
 14   3 0.60
 14   4 0.09
 14   5 0.54
 14   6 0.82
 14   7 0.71
 14   8 0.46
 14   9 0.61
 14  10 0.64
 14  11 0.33
 14  12 0.38
 14  13 0.32
 14  14 1.00
 14  15 0.62
 14  16 0.38
 14  17 0.54
 14  18 0.58
 14  19 0.45
 14  20 0.74
 14  21 0.59
 14  22 0.25
 15   1 0.58
 15   2 0.24
 15   3 0.60
 15   4 0.14
 15   5 0.69
 15   6 0.62
 15   7 0.60
 15   8 0.24
 15   9 0.52
 15  10 0.49
 15  11 0.58
 15  12 0.51
 15  13 0.48
 15  14 0.62
 15  15 1.00
 15  16 0.77
 15  17 0.57
 15  18 0.77
 15  19 0.65
 15  20 0.75
 15  21 0.53
 15  22 0.14
 16   1 0.33
 16   2 0.25
 16   3 0.33
 16   4 0.03
 16   5 0.66
 16   6 0.45
 16   7 0.37
 16   8 0.16
 16   9 0.41
 16  10 0.36
 16  11 0.50
 16  12 0.65
 16  13 0.64
 16  14 0.38
 16  15 0.77
 16  16 1.00
 16  17 0.53
 16  18 0.61
 16  19 0.68
 16  20 0.64
 16  21 0.47
 16  22 0.05
 17   1 0.53
 17   2 0.20
 17   3 0.37
 17   4 0.06
 17   5 0.52
 17   6 0.72
 17   7 0.32
 17   8 0.40
 17   9 0.66
 17  10 0.67
 17  11 0.30
 17  12 0.37
 17  13 0.44
 17  14 0.54
 17  15 0.57
 17  16 0.53
 17  17 1.00
 17  18 0.48
 17  19 0.46
 17  20 0.51
 17  21 0.63
 17  22 0.12
 18   1 0.44
 18   2 0.24
 18   3 0.36
 18   4 0.13
 18   5 0.73
 18   6 0.57
 18   7 0.58
 18   8 0.40
 18   9 0.39
 18  10 0.41
 18  11 0.66
 18  12 0.37
 18  13 0.45
 18  14 0.58
 18  15 0.77
 18  16 0.61
 18  17 0.48
 18  18 1.00
 18  19 0.61
 18  20 0.78
 18  21 0.40
 18  22 0.14
 19   1 0.30
 19   2 0.20
 19   3 0.27
 19   4 0.03
 19   5 0.55
 19   6 0.44
 19   7 0.44
 19   8 0.23
 19   9 0.35
 19  10 0.35
 19  11 0.50
 19  12 0.45
 19  13 0.51
 19  14 0.45
 19  15 0.65
 19  16 0.68
 19  17 0.46
 19  18 0.61
 19  19 1.00
 19  20 0.63
 19  21 0.31
 19  22 0.08
 20   1 0.46
 20   2 0.23
 20   3 0.46
 20   4 0.11
 20   5 0.59
 20   6 0.64
 20   7 0.60
 20   8 0.36
 20   9 0.41
 20  10 0.48
 20  11 0.52
 20  12 0.39
 20  13 0.41
 20  14 0.74
 20  15 0.75
 20  16 0.64
 20  17 0.51
 20  18 0.78
 20  19 0.63
 20  20 1.00
 20  21 0.52
 20  22 0.21
 21   1 0.55
 21   2 0.24
 21   3 0.39
 21   4 0.05
 21   5 0.46
 21   6 0.70
 21   7 0.40
 21   8 0.33
 21   9 0.66
 21  10 0.50
 21  11 0.39
 21  12 0.46
 21  13 0.32
 21  14 0.59
 21  15 0.53
 21  16 0.47
 21  17 0.63
 21  18 0.40
 21  19 0.31
 21  20 0.52
 21  21 1.00
 21  22 0.26
 22   1 0.32
 22   2 0.24
 22   3 0.14
 22   4 0.05
 22   5 0.17
 22   6 0.20
 22   7 0.26
 22   8 0.44
 22   9 0.14
 22  10 0.20
 22  11 0.19
 22  12 0.04
 22  13 0.12
 22  14 0.25
 22  15 0.14
 22  16 0.05
 22  17 0.12
 22  18 0.14
 22  19 0.08
 22  20 0.21
 22  21 0.26
 22  22 1.00
