  1   1 1.00
  1   2 0.64
  1   3 0.62
  1   4 0.57
  1   5 0.65
  1   6 0.77
  1   7 0.37
  1   8 0.46
  1   9 0.64
  1  10 0.60
  1  11 0.67
  1  12 0.63
  1  13 0.61
  1  14 0.65
  1  15 0.29
  1  16 0.59
  1  17 0.60
  1  18 0.62
  1  19 0.66
  1  20 0.62
  1  21 0.62
  1  22 0.24
  2   1 0.64
  2   2 1.00
  2   3 0.48
  2   4 0.40
  2   5 0.49
  2   6 0.59
  2   7 0.31
  2   8 0.39
  2   9 0.45
  2  10 0.48
  2  11 0.54
  2  12 0.47
  2  13 0.58
  2  14 0.57
  2  15 0.35
  2  16 0.44
  2  17 0.51
  2  18 0.47
  2  19 0.60
  2  20 0.49
  2  21 0.52
  2  22 0.45
  3   1 0.62
  3   2 0.48
  3   3 1.00
  3   4 0.48
  3   5 0.72
  3   6 0.57
  3   7 0.20
  3   8 0.28
  3   9 0.64
  3  10 0.65
  3  11 0.67
  3  12 0.58
  3  13 0.59
  3  14 0.59
  3  15 0.19
  3  16 0.55
  3  17 0.63
  3  18 0.43
  3  19 0.51
  3  20 0.59
  3  21 0.43
  3  22 0.24
  4   1 0.57
  4   2 0.40
  4   3 0.48
  4   4 1.00
  4   5 0.51
  4   6 0.51
  4   7 0.19
  4   8 0.34
  4   9 0.50
  4  10 0.41
  4  11 0.44
  4  12 0.57
  4  13 0.42
  4  14 0.46
  4  15 0.23
  4  16 0.46
  4  17 0.43
  4  18 0.45
  4  19 0.45
  4  20 0.49
  4  21 0.51
  4  22 0.24
  5   1 0.65
  5   2 0.49
  5   3 0.72
  5   4 0.51
  5   5 1.00
  5   6 0.66
  5   7 0.27
  5   8 0.35
  5   9 0.72
  5  10 0.72
  5  11 0.84
  5  12 0.70
  5  13 0.64
  5  14 0.70
  5  15 0.29
  5  16 0.60
  5  17 0.62
  5  18 0.58
  5  19 0.57
  5  20 0.78
  5  21 0.50
  5  22 0.22
  6   1 0.77
  6   2 0.59
  6   3 0.57
  6   4 0.51
  6   5 0.66
  6   6 1.00
  6   7 0.45
  6   8 0.59
  6   9 0.67
  6  10 0.59
  6  11 0.70
  6  12 0.61
  6  13 0.62
  6  14 0.73
  6  15 0.31
  6  16 0.64
  6  17 0.67
  6  18 0.69
  6  19 0.76
  6  20 0.66
  6  21 0.73
  6  22 0.22
  7   1 0.37
  7   2 0.31
  7   3 0.20
  7   4 0.19
  7   5 0.27
  7   6 0.45
  7   7 1.00
  7   8 0.58
  7   9 0.34
  7  10 0.36
  7  11 0.34
  7  12 0.30
  7  13 0.38
  7  14 0.48
  7  15 0.25
  7  16 0.41
  7  17 0.29
  7  18 0.57
  7  19 0.51
  7  20 0.40
  7  21 0.58
  7  22 0.17
  8   1 0.46
  8   2 0.39
  8   3 0.28
  8   4 0.34
  8   5 0.35
  8   6 0.59
  8   7 0.58
  8   8 1.00
  8   9 0.49
  8  10 0.44
  8  11 0.44
  8  12 0.41
  8  13 0.42
  8  14 0.48
  8  15 0.29
  8  16 0.55
  8  17 0.45
  8  18 0.58
  8  19 0.63
  8  20 0.44
  8  21 0.72
  8  22 0.22
  9   1 0.64
  9   2 0.45
  9   3 0.64
  9   4 0.50
  9   5 0.72
  9   6 0.67
  9   7 0.34
  9   8 0.49
  9   9 1.00
  9  10 0.75
  9  11 0.71
  9  12 0.64
  9  13 0.68
  9  14 0.69
  9  15 0.29
  9  16 0.77
  9  17 0.66
  9  18 0.66
  9  19 0.70
  9  20 0.67
  9  21 0.62
  9  22 0.30
 10   1 0.60
 10   2 0.48
 10   3 0.65
 10   4 0.41
 10   5 0.72
 10   6 0.59
 10   7 0.36
 10   8 0.44
 10   9 0.75
 10  10 1.00
 10  11 0.69
 10  12 0.59
 10  13 0.75
 10  14 0.66
 10  15 0.36
 10  16 0.76
 10  17 0.67
 10  18 0.61
 10  19 0.61
 10  20 0.66
 10  21 0.52
 10  22 0.36
 11   1 0.67
 11   2 0.54
 11   3 0.67
 11   4 0.44
 11   5 0.84
 11   6 0.70
 11   7 0.34
 11   8 0.44
 11   9 0.71
 11  10 0.69
 11  11 1.00
 11  12 0.65
 11  13 0.67
 11  14 0.73
 11  15 0.32
 11  16 0.63
 11  17 0.64
 11  18 0.64
 11  19 0.69
 11  20 0.78
 11  21 0.57
 11  22 0.22
 12   1 0.63
 12   2 0.47
 12   3 0.58
 12   4 0.57
 12   5 0.70
 12   6 0.61
 12   7 0.30
 12   8 0.41
 12   9 0.64
 12  10 0.59
 12  11 0.65
 12  12 1.00
 12  13 0.62
 12  14 0.62
 12  15 0.26
 12  16 0.57
 12  17 0.59
 12  18 0.63
 12  19 0.60
 12  20 0.74
 12  21 0.59
 12  22 0.22
 13   1 0.61
 13   2 0.58
 13   3 0.59
 13   4 0.42
 13   5 0.64
 13   6 0.62
 13   7 0.38
 13   8 0.42
 13   9 0.68
 13  10 0.75
 13  11 0.67
 13  12 0.62
 13  13 1.00
 13  14 0.69
 13  15 0.37
 13  16 0.71
 13  17 0.62
 13  18 0.66
 13  19 0.66
 13  20 0.68
 13  21 0.57
 13  22 0.45
 14   1 0.65
 14   2 0.57
 14   3 0.59
 14   4 0.46
 14   5 0.70
 14   6 0.73
 14   7 0.48
 14   8 0.48
 14   9 0.69
 14  10 0.66
 14  11 0.73
 14  12 0.62
 14  13 0.69
 14  14 1.00
 14  15 0.40
 14  16 0.65
 14  17 0.63
 14  18 0.73
 14  19 0.72
 14  20 0.78
 14  21 0.66
 14  22 0.30
 15   1 0.29
 15   2 0.35
 15   3 0.19
 15   4 0.23
 15   5 0.29
 15   6 0.31
 15   7 0.25
 15   8 0.29
 15   9 0.29
 15  10 0.36
 15  11 0.32
 15  12 0.26
 15  13 0.37
 15  14 0.40
 15  15 1.00
 15  16 0.32
 15  17 0.26
 15  18 0.36
 15  19 0.44
 15  20 0.34
 15  21 0.33
 15  22 0.40
 16   1 0.59
 16   2 0.44
 16   3 0.55
 16   4 0.46
 16   5 0.60
 16   6 0.64
 16   7 0.41
 16   8 0.55
 16   9 0.77
 16  10 0.76
 16  11 0.63
 16  12 0.57
 16  13 0.71
 16  14 0.65
 16  15 0.32
 16  16 1.00
 16  17 0.67
 16  18 0.69
 16  19 0.69
 16  20 0.59
 16  21 0.62
 16  22 0.34
 17   1 0.60
 17   2 0.51
 17   3 0.63
 17   4 0.43
 17   5 0.62
 17   6 0.67
 17   7 0.29
 17   8 0.45
 17   9 0.66
 17  10 0.67
 17  11 0.64
 17  12 0.59
 17  13 0.62
 17  14 0.63
 17  15 0.26
 17  16 0.67
 17  17 1.00
 17  18 0.53
 17  19 0.64
 17  20 0.54
 17  21 0.55
 17  22 0.27
 18   1 0.62
 18   2 0.47
 18   3 0.43
 18   4 0.45
 18   5 0.58
 18   6 0.69
 18   7 0.57
 18   8 0.58
 18   9 0.66
 18  10 0.61
 18  11 0.64
 18  12 0.63
 18  13 0.66
 18  14 0.73
 18  15 0.36
 18  16 0.69
 18  17 0.53
 18  18 1.00
 18  19 0.73
 18  20 0.71
 18  21 0.75
 18  22 0.29
 19   1 0.66
 19   2 0.60
 19   3 0.51
 19   4 0.45
 19   5 0.57
 19   6 0.76
 19   7 0.51
 19   8 0.63
 19   9 0.70
 19  10 0.61
 19  11 0.69
 19  12 0.60
 19  13 0.66
 19  14 0.72
 19  15 0.44
 19  16 0.69
 19  17 0.64
 19  18 0.73
 19  19 1.00
 19  20 0.66
 19  21 0.77
 19  22 0.34
 20   1 0.62
 20   2 0.49
 20   3 0.59
 20   4 0.49
 20   5 0.78
 20   6 0.66
 20   7 0.40
 20   8 0.44
 20   9 0.67
 20  10 0.66
 20  11 0.78
 20  12 0.74
 20  13 0.68
 20  14 0.78
 20  15 0.34
 20  16 0.59
 20  17 0.54
 20  18 0.71
 20  19 0.66
 20  20 1.00
 20  21 0.61
 20  22 0.23
 21   1 0.62
 21   2 0.52
 21   3 0.43
 21   4 0.51
 21   5 0.50
 21   6 0.73
 21   7 0.58
 21   8 0.72
 21   9 0.62
 21  10 0.52
 21  11 0.57
 21  12 0.59
 21  13 0.57
 21  14 0.66
 21  15 0.33
 21  16 0.62
 21  17 0.55
 21  18 0.75
 21  19 0.77
 21  20 0.61
 21  21 1.00
 21  22 0.26
 22   1 0.24
 22   2 0.45
 22   3 0.24
 22   4 0.24
 22   5 0.22
 22   6 0.22
 22   7 0.17
 22   8 0.22
 22   9 0.30
 22  10 0.36
 22  11 0.22
 22  12 0.22
 22  13 0.45
 22  14 0.30
 22  15 0.40
 22  16 0.34
 22  17 0.27
 22  18 0.29
 22  19 0.34
 22  20 0.23
 22  21 0.26
 22  22 1.00
