  1   1 1.00
  1   2 0.65
  1   3 0.52
  1   4 0.21
  1   5 0.49
  1   6 0.50
  1   7 0.37
  1   8 0.52
  1   9 0.71
  1  10 0.51
  1  11 0.37
  1  12 0.62
  1  13 0.53
  1  14 0.51
  1  15 0.44
  1  16 0.59
  1  17 0.42
  1  18 0.66
  1  19 0.40
  1  20 0.63
  1  21 0.34
  1  22 0.25
  2   1 0.65
  2   2 1.00
  2   3 0.43
  2   4 0.20
  2   5 0.51
  2   6 0.45
  2   7 0.26
  2   8 0.52
  2   9 0.74
  2  10 0.42
  2  11 0.46
  2  12 0.48
  2  13 0.52
  2  14 0.53
  2  15 0.44
  2  16 0.54
  2  17 0.44
  2  18 0.66
  2  19 0.35
  2  20 0.58
  2  21 0.43
  2  22 0.34
  3   1 0.52
  3   2 0.43
  3   3 1.00
  3   4 0.23
  3   5 0.59
  3   6 0.39
  3   7 0.35
  3   8 0.53
  3   9 0.52
  3  10 0.61
  3  11 0.41
  3  12 0.59
  3  13 0.69
  3  14 0.52
  3  15 0.53
  3  16 0.58
  3  17 0.47
  3  18 0.52
  3  19 0.57
  3  20 0.58
  3  21 0.33
  3  22 0.27
  4   1 0.21
  4   2 0.20
  4   3 0.23
  4   4 1.00
  4   5 0.23
  4   6 0.38
  4   7 0.24
  4   8 0.39
  4   9 0.17
  4  10 0.44
  4  11 0.32
  4  12 0.33
  4  13 0.22
  4  14 0.36
  4  15 0.37
  4  16 0.33
  4  17 0.36
  4  18 0.13
  4  19 0.43
  4  20 0.19
  4  21 0.28
  4  22 0.22
  5   1 0.49
  5   2 0.51
  5   3 0.59
  5   4 0.23
  5   5 1.00
  5   6 0.44
  5   7 0.31
  5   8 0.52
  5   9 0.52
  5  10 0.46
  5  11 0.40
  5  12 0.53
  5  13 0.48
  5  14 0.57
  5  15 0.50
  5  16 0.59
  5  17 0.40
  5  18 0.52
  5  19 0.49
  5  20 0.55
  5  21 0.31
  5  22 0.24
  6   1 0.50
  6   2 0.45
  6   3 0.39
  6   4 0.38
  6   5 0.44
  6   6 1.00
  6   7 0.50
  6   8 0.65
  6   9 0.49
  6  10 0.57
  6  11 0.53
  6  12 0.60
  6  13 0.46
  6  14 0.71
  6  15 0.61
  6  16 0.68
  6  17 0.53
  6  18 0.37
  6  19 0.54
  6  20 0.43
  6  21 0.38
  6  22 0.35
  7   1 0.37
  7   2 0.26
  7   3 0.35
  7   4 0.24
  7   5 0.31
  7   6 0.50
  7   7 1.00
  7   8 0.51
  7   9 0.32
  7  10 0.43
  7  11 0.46
  7  12 0.51
  7  13 0.39
  7  14 0.49
  7  15 0.49
  7  16 0.48
  7  17 0.38
  7  18 0.28
  7  19 0.45
  7  20 0.35
  7  21 0.23
  7  22 0.26
  8   1 0.52
  8   2 0.52
  8   3 0.53
  8   4 0.39
  8   5 0.52
  8   6 0.65
  8   7 0.51
  8   8 1.00
  8   9 0.50
  8  10 0.63
  8  11 0.63
  8  12 0.64
  8  13 0.58
  8  14 0.69
  8  15 0.68
  8  16 0.70
  8  17 0.59
  8  18 0.49
  8  19 0.66
  8  20 0.58
  8  21 0.41
  8  22 0.31
  9   1 0.71
  9   2 0.74
  9   3 0.52
  9   4 0.17
  9   5 0.52
  9   6 0.49
  9   7 0.32
  9   8 0.50
  9   9 1.00
  9  10 0.47
  9  11 0.46
  9  12 0.59
  9  13 0.62
  9  14 0.56
  9  15 0.46
  9  16 0.61
  9  17 0.47
  9  18 0.72
  9  19 0.41
  9  20 0.60
  9  21 0.40
  9  22 0.31
 10   1 0.51
 10   2 0.42
 10   3 0.61
 10   4 0.44
 10   5 0.46
 10   6 0.57
 10   7 0.43
 10   8 0.63
 10   9 0.47
 10  10 1.00
 10  11 0.52
 10  12 0.62
 10  13 0.63
 10  14 0.61
 10  15 0.58
 10  16 0.62
 10  17 0.54
 10  18 0.47
 10  19 0.63
 10  20 0.53
 10  21 0.39
 10  22 0.38
 11   1 0.37
 11   2 0.46
 11   3 0.41
 11   4 0.32
 11   5 0.40
 11   6 0.53
 11   7 0.46
 11   8 0.63
 11   9 0.46
 11  10 0.52
 11  11 1.00
 11  12 0.52
 11  13 0.54
 11  14 0.66
 11  15 0.55
 11  16 0.55
 11  17 0.63
 11  18 0.44
 11  19 0.61
 11  20 0.50
 11  21 0.46
 11  22 0.46
 12   1 0.62
 12   2 0.48
 12   3 0.59
 12   4 0.33
 12   5 0.53
 12   6 0.60
 12   7 0.51
 12   8 0.64
 12   9 0.59
 12  10 0.62
 12  11 0.52
 12  12 1.00
 12  13 0.68
 12  14 0.67
 12  15 0.65
 12  16 0.74
 12  17 0.58
 12  18 0.65
 12  19 0.62
 12  20 0.65
 12  21 0.39
 12  22 0.36
 13   1 0.53
 13   2 0.52
 13   3 0.69
 13   4 0.22
 13   5 0.48
 13   6 0.46
 13   7 0.39
 13   8 0.58
 13   9 0.62
 13  10 0.63
 13  11 0.54
 13  12 0.68
 13  13 1.00
 13  14 0.61
 13  15 0.53
 13  16 0.71
 13  17 0.53
 13  18 0.72
 13  19 0.54
 13  20 0.72
 13  21 0.43
 13  22 0.44
 14   1 0.51
 14   2 0.53
 14   3 0.52
 14   4 0.36
 14   5 0.57
 14   6 0.71
 14   7 0.49
 14   8 0.69
 14   9 0.56
 14  10 0.61
 14  11 0.66
 14  12 0.67
 14  13 0.61
 14  14 1.00
 14  15 0.67
 14  16 0.75
 14  17 0.63
 14  18 0.53
 14  19 0.64
 14  20 0.59
 14  21 0.47
 14  22 0.48
 15   1 0.44
 15   2 0.44
 15   3 0.53
 15   4 0.37
 15   5 0.50
 15   6 0.61
 15   7 0.49
 15   8 0.68
 15   9 0.46
 15  10 0.58
 15  11 0.55
 15  12 0.65
 15  13 0.53
 15  14 0.67
 15  15 1.00
 15  16 0.67
 15  17 0.52
 15  18 0.43
 15  19 0.62
 15  20 0.54
 15  21 0.42
 15  22 0.37
 16   1 0.59
 16   2 0.54
 16   3 0.58
 16   4 0.33
 16   5 0.59
 16   6 0.68
 16   7 0.48
 16   8 0.70
 16   9 0.61
 16  10 0.62
 16  11 0.55
 16  12 0.74
 16  13 0.71
 16  14 0.75
 16  15 0.67
 16  16 1.00
 16  17 0.54
 16  18 0.61
 16  19 0.68
 16  20 0.70
 16  21 0.43
 16  22 0.34
 17   1 0.42
 17   2 0.44
 17   3 0.47
 17   4 0.36
 17   5 0.40
 17   6 0.53
 17   7 0.38
 17   8 0.59
 17   9 0.47
 17  10 0.54
 17  11 0.63
 17  12 0.58
 17  13 0.53
 17  14 0.63
 17  15 0.52
 17  16 0.54
 17  17 1.00
 17  18 0.48
 17  19 0.57
 17  20 0.45
 17  21 0.47
 17  22 0.41
 18   1 0.66
 18   2 0.66
 18   3 0.52
 18   4 0.13
 18   5 0.52
 18   6 0.37
 18   7 0.28
 18   8 0.49
 18   9 0.72
 18  10 0.47
 18  11 0.44
 18  12 0.65
 18  13 0.72
 18  14 0.53
 18  15 0.43
 18  16 0.61
 18  17 0.48
 18  18 1.00
 18  19 0.38
 18  20 0.75
 18  21 0.41
 18  22 0.34
 19   1 0.40
 19   2 0.35
 19   3 0.57
 19   4 0.43
 19   5 0.49
 19   6 0.54
 19   7 0.45
 19   8 0.66
 19   9 0.41
 19  10 0.63
 19  11 0.61
 19  12 0.62
 19  13 0.54
 19  14 0.64
 19  15 0.62
 19  16 0.68
 19  17 0.57
 19  18 0.38
 19  19 1.00
 19  20 0.45
 19  21 0.37
 19  22 0.30
 20   1 0.63
 20   2 0.58
 20   3 0.58
 20   4 0.19
 20   5 0.55
 20   6 0.43
 20   7 0.35
 20   8 0.58
 20   9 0.60
 20  10 0.53
 20  11 0.50
 20  12 0.65
 20  13 0.72
 20  14 0.59
 20  15 0.54
 20  16 0.70
 20  17 0.45
 20  18 0.75
 20  19 0.45
 20  20 1.00
 20  21 0.39
 20  22 0.39
 21   1 0.34
 21   2 0.43
 21   3 0.33
 21   4 0.28
 21   5 0.31
 21   6 0.38
 21   7 0.23
 21   8 0.41
 21   9 0.40
 21  10 0.39
 21  11 0.46
 21  12 0.39
 21  13 0.43
 21  14 0.47
 21  15 0.42
 21  16 0.43
 21  17 0.47
 21  18 0.41
 21  19 0.37
 21  20 0.39
 21  21 1.00
 21  22 0.33
 22   1 0.25
 22   2 0.34
 22   3 0.27
 22   4 0.22
 22   5 0.24
 22   6 0.35
 22   7 0.26
 22   8 0.31
 22   9 0.31
 22  10 0.38
 22  11 0.46
 22  12 0.36
 22  13 0.44
 22  14 0.48
 22  15 0.37
 22  16 0.34
 22  17 0.41
 22  18 0.34
 22  19 0.30
 22  20 0.39
 22  21 0.33
 22  22 1.00
