  1   1 1.00
  1   2 0.62
  1   3 0.42
  1   4 0.47
  1   5 0.44
  1   6 0.50
  1   7 0.33
  1   8 0.43
  1   9 0.27
  1  10 0.28
  1  11 0.41
  1  12 0.46
  1  13 0.56
  1  14 0.50
  1  15 0.50
  1  16 0.51
  1  17 0.45
  1  18 0.52
  1  19 0.46
  1  20 0.62
  1  21 0.50
  1  22 0.48
  2   1 0.62
  2   2 1.00
  2   3 0.39
  2   4 0.40
  2   5 0.33
  2   6 0.44
  2   7 0.19
  2   8 0.49
  2   9 0.37
  2  10 0.46
  2  11 0.37
  2  12 0.47
  2  13 0.44
  2  14 0.57
  2  15 0.41
  2  16 0.48
  2  17 0.40
  2  18 0.41
  2  19 0.47
  2  20 0.48
  2  21 0.42
  2  22 0.47
  3   1 0.42
  3   2 0.39
  3   3 1.00
  3   4 0.34
  3   5 0.45
  3   6 0.41
  3   7 0.24
  3   8 0.47
  3   9 0.33
  3  10 0.39
  3  11 0.39
  3  12 0.41
  3  13 0.58
  3  14 0.44
  3  15 0.50
  3  16 0.38
  3  17 0.34
  3  18 0.57
  3  19 0.46
  3  20 0.47
  3  21 0.41
  3  22 0.54
  4   1 0.47
  4   2 0.40
  4   3 0.34
  4   4 1.00
  4   5 0.28
  4   6 0.39
  4   7 0.19
  4   8 0.42
  4   9 0.35
  4  10 0.29
  4  11 0.37
  4  12 0.39
  4  13 0.37
  4  14 0.48
  4  15 0.45
  4  16 0.53
  4  17 0.42
  4  18 0.44
  4  19 0.48
  4  20 0.48
  4  21 0.43
  4  22 0.31
  5   1 0.44
  5   2 0.33
  5   3 0.45
  5   4 0.28
  5   5 1.00
  5   6 0.46
  5   7 0.29
  5   8 0.32
  5   9 0.33
  5  10 0.28
  5  11 0.44
  5  12 0.38
  5  13 0.55
  5  14 0.38
  5  15 0.46
  5  16 0.40
  5  17 0.39
  5  18 0.39
  5  19 0.48
  5  20 0.54
  5  21 0.42
  5  22 0.42
  6   1 0.50
  6   2 0.44
  6   3 0.41
  6   4 0.39
  6   5 0.46
  6   6 1.00
  6   7 0.34
  6   8 0.52
  6   9 0.47
  6  10 0.43
  6  11 0.62
  6  12 0.74
  6  13 0.49
  6  14 0.58
  6  15 0.71
  6  16 0.63
  6  17 0.55
  6  18 0.53
  6  19 0.69
  6  20 0.61
  6  21 0.44
  6  22 0.43
  7   1 0.33
  7   2 0.19
  7   3 0.24
  7   4 0.19
  7   5 0.29
  7   6 0.34
  7   7 1.00
  7   8 0.28
  7   9 0.15
  7  10 0.09
  7  11 0.46
  7  12 0.32
  7  13 0.36
  7  14 0.26
  7  15 0.41
  7  16 0.26
  7  17 0.28
  7  18 0.30
  7  19 0.27
  7  20 0.42
  7  21 0.26
  7  22 0.39
  8   1 0.43
  8   2 0.49
  8   3 0.47
  8   4 0.42
  8   5 0.32
  8   6 0.52
  8   7 0.28
  8   8 1.00
  8   9 0.44
  8  10 0.38
  8  11 0.45
  8  12 0.55
  8  13 0.45
  8  14 0.52
  8  15 0.54
  8  16 0.47
  8  17 0.38
  8  18 0.66
  8  19 0.53
  8  20 0.49
  8  21 0.32
  8  22 0.48
  9   1 0.27
  9   2 0.37
  9   3 0.33
  9   4 0.35
  9   5 0.33
  9   6 0.47
  9   7 0.15
  9   8 0.44
  9   9 1.00
  9  10 0.59
  9  11 0.43
  9  12 0.48
  9  13 0.35
  9  14 0.52
  9  15 0.43
  9  16 0.35
  9  17 0.38
  9  18 0.40
  9  19 0.60
  9  20 0.39
  9  21 0.33
  9  22 0.28
 10   1 0.28
 10   2 0.46
 10   3 0.39
 10   4 0.29
 10   5 0.28
 10   6 0.43
 10   7 0.09
 10   8 0.38
 10   9 0.59
 10  10 1.00
 10  11 0.37
 10  12 0.52
 10  13 0.34
 10  14 0.60
 10  15 0.37
 10  16 0.38
 10  17 0.43
 10  18 0.26
 10  19 0.52
 10  20 0.34
 10  21 0.31
 10  22 0.26
 11   1 0.41
 11   2 0.37
 11   3 0.39
 11   4 0.37
 11   5 0.44
 11   6 0.62
 11   7 0.46
 11   8 0.45
 11   9 0.43
 11  10 0.37
 11  11 1.00
 11  12 0.62
 11  13 0.41
 11  14 0.45
 11  15 0.67
 11  16 0.52
 11  17 0.57
 11  18 0.46
 11  19 0.51
 11  20 0.68
 11  21 0.44
 11  22 0.37
 12   1 0.46
 12   2 0.47
 12   3 0.41
 12   4 0.39
 12   5 0.38
 12   6 0.74
 12   7 0.32
 12   8 0.55
 12   9 0.48
 12  10 0.52
 12  11 0.62
 12  12 1.00
 12  13 0.47
 12  14 0.58
 12  15 0.68
 12  16 0.62
 12  17 0.56
 12  18 0.55
 12  19 0.69
 12  20 0.57
 12  21 0.45
 12  22 0.42
 13   1 0.56
 13   2 0.44
 13   3 0.58
 13   4 0.37
 13   5 0.55
 13   6 0.49
 13   7 0.36
 13   8 0.45
 13   9 0.35
 13  10 0.34
 13  11 0.41
 13  12 0.47
 13  13 1.00
 13  14 0.44
 13  15 0.53
 13  16 0.44
 13  17 0.40
 13  18 0.55
 13  19 0.52
 13  20 0.60
 13  21 0.48
 13  22 0.53
 14   1 0.50
 14   2 0.57
 14   3 0.44
 14   4 0.48
 14   5 0.38
 14   6 0.58
 14   7 0.26
 14   8 0.52
 14   9 0.52
 14  10 0.60
 14  11 0.45
 14  12 0.58
 14  13 0.44
 14  14 1.00
 14  15 0.55
 14  16 0.55
 14  17 0.49
 14  18 0.44
 14  19 0.71
 14  20 0.47
 14  21 0.43
 14  22 0.40
 15   1 0.50
 15   2 0.41
 15   3 0.50
 15   4 0.45
 15   5 0.46
 15   6 0.71
 15   7 0.41
 15   8 0.54
 15   9 0.43
 15  10 0.37
 15  11 0.67
 15  12 0.68
 15  13 0.53
 15  14 0.55
 15  15 1.00
 15  16 0.65
 15  17 0.52
 15  18 0.61
 15  19 0.64
 15  20 0.60
 15  21 0.40
 15  22 0.52
 16   1 0.51
 16   2 0.48
 16   3 0.38
 16   4 0.53
 16   5 0.40
 16   6 0.63
 16   7 0.26
 16   8 0.47
 16   9 0.35
 16  10 0.38
 16  11 0.52
 16  12 0.62
 16  13 0.44
 16  14 0.55
 16  15 0.65
 16  16 1.00
 16  17 0.60
 16  18 0.47
 16  19 0.64
 16  20 0.61
 16  21 0.47
 16  22 0.44
 17   1 0.45
 17   2 0.40
 17   3 0.34
 17   4 0.42
 17   5 0.39
 17   6 0.55
 17   7 0.28
 17   8 0.38
 17   9 0.38
 17  10 0.43
 17  11 0.57
 17  12 0.56
 17  13 0.40
 17  14 0.49
 17  15 0.52
 17  16 0.60
 17  17 1.00
 17  18 0.34
 17  19 0.54
 17  20 0.65
 17  21 0.56
 17  22 0.27
 18   1 0.52
 18   2 0.41
 18   3 0.57
 18   4 0.44
 18   5 0.39
 18   6 0.53
 18   7 0.30
 18   8 0.66
 18   9 0.40
 18  10 0.26
 18  11 0.46
 18  12 0.55
 18  13 0.55
 18  14 0.44
 18  15 0.61
 18  16 0.47
 18  17 0.34
 18  18 1.00
 18  19 0.54
 18  20 0.58
 18  21 0.43
 18  22 0.54
 19   1 0.46
 19   2 0.47
 19   3 0.46
 19   4 0.48
 19   5 0.48
 19   6 0.69
 19   7 0.27
 19   8 0.53
 19   9 0.60
 19  10 0.52
 19  11 0.51
 19  12 0.69
 19  13 0.52
 19  14 0.71
 19  15 0.64
 19  16 0.64
 19  17 0.54
 19  18 0.54
 19  19 1.00
 19  20 0.58
 19  21 0.43
 19  22 0.47
 20   1 0.62
 20   2 0.48
 20   3 0.47
 20   4 0.48
 20   5 0.54
 20   6 0.61
 20   7 0.42
 20   8 0.49
 20   9 0.39
 20  10 0.34
 20  11 0.68
 20  12 0.57
 20  13 0.60
 20  14 0.47
 20  15 0.60
 20  16 0.61
 20  17 0.65
 20  18 0.58
 20  19 0.58
 20  20 1.00
 20  21 0.59
 20  22 0.48
 21   1 0.50
 21   2 0.42
 21   3 0.41
 21   4 0.43
 21   5 0.42
 21   6 0.44
 21   7 0.26
 21   8 0.32
 21   9 0.33
 21  10 0.31
 21  11 0.44
 21  12 0.45
 21  13 0.48
 21  14 0.43
 21  15 0.40
 21  16 0.47
 21  17 0.56
 21  18 0.43
 21  19 0.43
 21  20 0.59
 21  21 1.00
 21  22 0.31
 22   1 0.48
 22   2 0.47
 22   3 0.54
 22   4 0.31
 22   5 0.42
 22   6 0.43
 22   7 0.39
 22   8 0.48
 22   9 0.28
 22  10 0.26
 22  11 0.37
 22  12 0.42
 22  13 0.53
 22  14 0.40
 22  15 0.52
 22  16 0.44
 22  17 0.27
 22  18 0.54
 22  19 0.47
 22  20 0.48
 22  21 0.31
 22  22 1.00
