  1   1 1.00
  1   2 0.54
  1   3 0.25
  1   4 0.40
  1   5 0.48
  1   6 0.52
  1   7 0.39
  1   8 0.44
  1   9 0.45
  1  10 0.55
  1  11 0.54
  1  12 0.43
  1  13 0.46
  1  14 0.54
  1  15 0.29
  1  16 0.37
  1  17 0.59
  1  18 0.40
  1  19 0.49
  1  20 0.47
  1  21 0.50
  1  22 0.41
  2   1 0.54
  2   2 1.00
  2   3 0.42
  2   4 0.58
  2   5 0.64
  2   6 0.62
  2   7 0.34
  2   8 0.46
  2   9 0.31
  2  10 0.55
  2  11 0.54
  2  12 0.39
  2  13 0.41
  2  14 0.61
  2  15 0.41
  2  16 0.38
  2  17 0.49
  2  18 0.53
  2  19 0.63
  2  20 0.51
  2  21 0.46
  2  22 0.24
  3   1 0.25
  3   2 0.42
  3   3 1.00
  3   4 0.18
  3   5 0.56
  3   6 0.45
  3   7 0.25
  3   8 0.28
  3   9 0.41
  3  10 0.43
  3  11 0.44
  3  12 0.09
  3  13 0.27
  3  14 0.33
  3  15 0.28
  3  16 0.36
  3  17 0.32
  3  18 0.59
  3  19 0.40
  3  20 0.38
  3  21 0.12
  3  22 0.07
  4   1 0.40
  4   2 0.58
  4   3 0.18
  4   4 1.00
  4   5 0.31
  4   6 0.45
  4   7 0.33
  4   8 0.42
  4   9 0.26
  4  10 0.43
  4  11 0.37
  4  12 0.44
  4  13 0.24
  4  14 0.49
  4  15 0.32
  4  16 0.17
  4  17 0.35
  4  18 0.32
  4  19 0.49
  4  20 0.21
  4  21 0.51
  4  22 0.21
  5   1 0.48
  5   2 0.64
  5   3 0.56
  5   4 0.31
  5   5 1.00
  5   6 0.55
  5   7 0.27
  5   8 0.39
  5   9 0.39
  5  10 0.54
  5  11 0.49
  5  12 0.16
  5  13 0.31
  5  14 0.44
  5  15 0.38
  5  16 0.45
  5  17 0.42
  5  18 0.68
  5  19 0.47
  5  20 0.51
  5  21 0.24
  5  22 0.07
  6   1 0.52
  6   2 0.62
  6   3 0.45
  6   4 0.45
  6   5 0.55
  6   6 1.00
  6   7 0.50
  6   8 0.42
  6   9 0.43
  6  10 0.58
  6  11 0.62
  6  12 0.50
  6  13 0.52
  6  14 0.57
  6  15 0.45
  6  16 0.36
  6  17 0.53
  6  18 0.54
  6  19 0.50
  6  20 0.51
  6  21 0.38
  6  22 0.24
  7   1 0.39
  7   2 0.34
  7   3 0.25
  7   4 0.33
  7   5 0.27
  7   6 0.50
  7   7 1.00
  7   8 0.36
  7   9 0.27
  7  10 0.37
  7  11 0.42
  7  12 0.26
  7  13 0.37
  7  14 0.40
  7  15 0.44
  7  16 0.25
  7  17 0.26
  7  18 0.40
  7  19 0.41
  7  20 0.22
  7  21 0.30
  7  22 0.33
  8   1 0.44
  8   2 0.46
  8   3 0.28
  8   4 0.42
  8   5 0.39
  8   6 0.42
  8   7 0.36
  8   8 1.00
  8   9 0.30
  8  10 0.45
  8  11 0.39
  8  12 0.29
  8  13 0.43
  8  14 0.42
  8  15 0.44
  8  16 0.29
  8  17 0.39
  8  18 0.40
  8  19 0.51
  8  20 0.27
  8  21 0.43
  8  22 0.28
  9   1 0.45
  9   2 0.31
  9   3 0.41
  9   4 0.26
  9   5 0.39
  9   6 0.43
  9   7 0.27
  9   8 0.30
  9   9 1.00
  9  10 0.40
  9  11 0.46
  9  12 0.24
  9  13 0.30
  9  14 0.38
  9  15 0.18
  9  16 0.35
  9  17 0.51
  9  18 0.41
  9  19 0.33
  9  20 0.52
  9  21 0.25
  9  22 0.08
 10   1 0.55
 10   2 0.55
 10   3 0.43
 10   4 0.43
 10   5 0.54
 10   6 0.58
 10   7 0.37
 10   8 0.45
 10   9 0.40
 10  10 1.00
 10  11 0.60
 10  12 0.34
 10  13 0.57
 10  14 0.63
 10  15 0.34
 10  16 0.33
 10  17 0.50
 10  18 0.53
 10  19 0.46
 10  20 0.48
 10  21 0.50
 10  22 0.39
 11   1 0.54
 11   2 0.54
 11   3 0.44
 11   4 0.37
 11   5 0.49
 11   6 0.62
 11   7 0.42
 11   8 0.39
 11   9 0.46
 11  10 0.60
 11  11 1.00
 11  12 0.48
 11  13 0.53
 11  14 0.58
 11  15 0.39
 11  16 0.42
 11  17 0.65
 11  18 0.48
 11  19 0.53
 11  20 0.60
 11  21 0.54
 11  22 0.28
 12   1 0.43
 12   2 0.39
 12   3 0.09
 12   4 0.44
 12   5 0.16
 12   6 0.50
 12   7 0.26
 12   8 0.29
 12   9 0.24
 12  10 0.34
 12  11 0.48
 12  12 1.00
 12  13 0.38
 12  14 0.44
 12  15 0.16
 12  16 0.15
 12  17 0.44
 12  18 0.16
 12  19 0.41
 12  20 0.33
 12  21 0.50
 12  22 0.22
 13   1 0.46
 13   2 0.41
 13   3 0.27
 13   4 0.24
 13   5 0.31
 13   6 0.52
 13   7 0.37
 13   8 0.43
 13   9 0.30
 13  10 0.57
 13  11 0.53
 13  12 0.38
 13  13 1.00
 13  14 0.52
 13  15 0.27
 13  16 0.37
 13  17 0.47
 13  18 0.33
 13  19 0.42
 13  20 0.38
 13  21 0.44
 13  22 0.43
 14   1 0.54
 14   2 0.61
 14   3 0.33
 14   4 0.49
 14   5 0.44
 14   6 0.57
 14   7 0.40
 14   8 0.42
 14   9 0.38
 14  10 0.63
 14  11 0.58
 14  12 0.44
 14  13 0.52
 14  14 1.00
 14  15 0.31
 14  16 0.31
 14  17 0.48
 14  18 0.44
 14  19 0.53
 14  20 0.43
 14  21 0.60
 14  22 0.44
 15   1 0.29
 15   2 0.41
 15   3 0.28
 15   4 0.32
 15   5 0.38
 15   6 0.45
 15   7 0.44
 15   8 0.44
 15   9 0.18
 15  10 0.34
 15  11 0.39
 15  12 0.16
 15  13 0.27
 15  14 0.31
 15  15 1.00
 15  16 0.30
 15  17 0.24
 15  18 0.43
 15  19 0.38
 15  20 0.22
 15  21 0.29
 15  22 0.22
 16   1 0.37
 16   2 0.38
 16   3 0.36
 16   4 0.17
 16   5 0.45
 16   6 0.36
 16   7 0.25
 16   8 0.29
 16   9 0.35
 16  10 0.33
 16  11 0.42
 16  12 0.15
 16  13 0.37
 16  14 0.31
 16  15 0.30
 16  16 1.00
 16  17 0.43
 16  18 0.47
 16  19 0.43
 16  20 0.35
 16  21 0.22
 16  22 0.14
 17   1 0.59
 17   2 0.49
 17   3 0.32
 17   4 0.35
 17   5 0.42
 17   6 0.53
 17   7 0.26
 17   8 0.39
 17   9 0.51
 17  10 0.50
 17  11 0.65
 17  12 0.44
 17  13 0.47
 17  14 0.48
 17  15 0.24
 17  16 0.43
 17  17 1.00
 17  18 0.41
 17  19 0.54
 17  20 0.53
 17  21 0.44
 17  22 0.21
 18   1 0.40
 18   2 0.53
 18   3 0.59
 18   4 0.32
 18   5 0.68
 18   6 0.54
 18   7 0.40
 18   8 0.40
 18   9 0.41
 18  10 0.53
 18  11 0.48
 18  12 0.16
 18  13 0.33
 18  14 0.44
 18  15 0.43
 18  16 0.47
 18  17 0.41
 18  18 1.00
 18  19 0.59
 18  20 0.42
 18  21 0.23
 18  22 0.13
 19   1 0.49
 19   2 0.63
 19   3 0.40
 19   4 0.49
 19   5 0.47
 19   6 0.50
 19   7 0.41
 19   8 0.51
 19   9 0.33
 19  10 0.46
 19  11 0.53
 19  12 0.41
 19  13 0.42
 19  14 0.53
 19  15 0.38
 19  16 0.43
 19  17 0.54
 19  18 0.59
 19  19 1.00
 19  20 0.37
 19  21 0.49
 19  22 0.27
 20   1 0.47
 20   2 0.51
 20   3 0.38
 20   4 0.21
 20   5 0.51
 20   6 0.51
 20   7 0.22
 20   8 0.27
 20   9 0.52
 20  10 0.48
 20  11 0.60
 20  12 0.33
 20  13 0.38
 20  14 0.43
 20  15 0.22
 20  16 0.35
 20  17 0.53
 20  18 0.42
 20  19 0.37
 20  20 1.00
 20  21 0.35
 20  22 0.08
 21   1 0.50
 21   2 0.46
 21   3 0.12
 21   4 0.51
 21   5 0.24
 21   6 0.38
 21   7 0.30
 21   8 0.43
 21   9 0.25
 21  10 0.50
 21  11 0.54
 21  12 0.50
 21  13 0.44
 21  14 0.60
 21  15 0.29
 21  16 0.22
 21  17 0.44
 21  18 0.23
 21  19 0.49
 21  20 0.35
 21  21 1.00
 21  22 0.47
 22   1 0.41
 22   2 0.24
 22   3 0.07
 22   4 0.21
 22   5 0.07
 22   6 0.24
 22   7 0.33
 22   8 0.28
 22   9 0.08
 22  10 0.39
 22  11 0.28
 22  12 0.22
 22  13 0.43
 22  14 0.44
 22  15 0.22
 22  16 0.14
 22  17 0.21
 22  18 0.13
 22  19 0.27
 22  20 0.08
 22  21 0.47
 22  22 1.00
