  1   1 1.00
  1   2 0.52
  1   3 0.52
  1   4 0.28
  1   5 0.56
  1   6 0.56
  1   7 0.34
  1   8 0.48
  1   9 0.52
  1  10 0.56
  1  11 0.62
  1  12 0.56
  1  13 0.56
  1  14 0.50
  1  15 0.52
  1  16 0.42
  1  17 0.55
  1  18 0.45
  1  19 0.56
  1  20 0.44
  1  21 0.53
  1  22 0.44
  2   1 0.52
  2   2 1.00
  2   3 0.25
  2   4 0.19
  2   5 0.35
  2   6 0.40
  2   7 0.25
  2   8 0.36
  2   9 0.32
  2  10 0.43
  2  11 0.33
  2  12 0.43
  2  13 0.29
  2  14 0.34
  2  15 0.44
  2  16 0.41
  2  17 0.33
  2  18 0.52
  2  19 0.29
  2  20 0.30
  2  21 0.49
  2  22 0.54
  3   1 0.52
  3   2 0.25
  3   3 1.00
  3   4 0.16
  3   5 0.32
  3   6 0.50
  3   7 0.25
  3   8 0.46
  3   9 0.37
  3  10 0.43
  3  11 0.56
  3  12 0.53
  3  13 0.43
  3  14 0.42
  3  15 0.48
  3  16 0.33
  3  17 0.37
  3  18 0.26
  3  19 0.57
  3  20 0.50
  3  21 0.31
  3  22 0.27
  4   1 0.28
  4   2 0.19
  4   3 0.16
  4   4 1.00
  4   5 0.32
  4   6 0.18
  4   7 0.10
  4   8 0.17
  4   9 0.33
  4  10 0.38
  4  11 0.26
  4  12 0.20
  4  13 0.25
  4  14 0.24
  4  15 0.19
  4  16 0.31
  4  17 0.32
  4  18 0.31
  4  19 0.27
  4  20 0.19
  4  21 0.24
  4  22 0.26
  5   1 0.56
  5   2 0.35
  5   3 0.32
  5   4 0.32
  5   5 1.00
  5   6 0.41
  5   7 0.19
  5   8 0.40
  5   9 0.70
  5  10 0.57
  5  11 0.57
  5  12 0.47
  5  13 0.61
  5  14 0.69
  5  15 0.51
  5  16 0.48
  5  17 0.64
  5  18 0.44
  5  19 0.57
  5  20 0.44
  5  21 0.47
  5  22 0.34
  6   1 0.56
  6   2 0.40
  6   3 0.50
  6   4 0.18
  6   5 0.41
  6   6 1.00
  6   7 0.40
  6   8 0.67
  6   9 0.40
  6  10 0.48
  6  11 0.59
  6  12 0.62
  6  13 0.44
  6  14 0.39
  6  15 0.69
  6  16 0.55
  6  17 0.49
  6  18 0.44
  6  19 0.57
  6  20 0.56
  6  21 0.55
  6  22 0.50
  7   1 0.34
  7   2 0.25
  7   3 0.25
  7   4 0.10
  7   5 0.19
  7   6 0.40
  7   7 1.00
  7   8 0.55
  7   9 0.19
  7  10 0.26
  7  11 0.29
  7  12 0.37
  7  13 0.24
  7  14 0.20
  7  15 0.41
  7  16 0.29
  7  17 0.27
  7  18 0.20
  7  19 0.35
  7  20 0.25
  7  21 0.41
  7  22 0.43
  8   1 0.48
  8   2 0.36
  8   3 0.46
  8   4 0.17
  8   5 0.40
  8   6 0.67
  8   7 0.55
  8   8 1.00
  8   9 0.40
  8  10 0.51
  8  11 0.63
  8  12 0.61
  8  13 0.51
  8  14 0.44
  8  15 0.70
  8  16 0.53
  8  17 0.55
  8  18 0.40
  8  19 0.61
  8  20 0.55
  8  21 0.55
  8  22 0.49
  9   1 0.52
  9   2 0.32
  9   3 0.37
  9   4 0.33
  9   5 0.70
  9   6 0.40
  9   7 0.19
  9   8 0.40
  9   9 1.00
  9  10 0.53
  9  11 0.59
  9  12 0.49
  9  13 0.66
  9  14 0.61
  9  15 0.48
  9  16 0.38
  9  17 0.57
  9  18 0.38
  9  19 0.60
  9  20 0.51
  9  21 0.40
  9  22 0.29
 10   1 0.56
 10   2 0.43
 10   3 0.43
 10   4 0.38
 10   5 0.57
 10   6 0.48
 10   7 0.26
 10   8 0.51
 10   9 0.53
 10  10 1.00
 10  11 0.61
 10  12 0.61
 10  13 0.58
 10  14 0.50
 10  15 0.55
 10  16 0.60
 10  17 0.58
 10  18 0.47
 10  19 0.64
 10  20 0.46
 10  21 0.46
 10  22 0.43
 11   1 0.62
 11   2 0.33
 11   3 0.56
 11   4 0.26
 11   5 0.57
 11   6 0.59
 11   7 0.29
 11   8 0.63
 11   9 0.59
 11  10 0.61
 11  11 1.00
 11  12 0.67
 11  13 0.68
 11  14 0.57
 11  15 0.63
 11  16 0.52
 11  17 0.66
 11  18 0.40
 11  19 0.75
 11  20 0.58
 11  21 0.51
 11  22 0.43
 12   1 0.56
 12   2 0.43
 12   3 0.53
 12   4 0.20
 12   5 0.47
 12   6 0.62
 12   7 0.37
 12   8 0.61
 12   9 0.49
 12  10 0.61
 12  11 0.67
 12  12 1.00
 12  13 0.56
 12  14 0.54
 12  15 0.63
 12  16 0.41
 12  17 0.48
 12  18 0.44
 12  19 0.67
 12  20 0.50
 12  21 0.54
 12  22 0.49
 13   1 0.56
 13   2 0.29
 13   3 0.43
 13   4 0.25
 13   5 0.61
 13   6 0.44
 13   7 0.24
 13   8 0.51
 13   9 0.66
 13  10 0.58
 13  11 0.68
 13  12 0.56
 13  13 1.00
 13  14 0.65
 13  15 0.50
 13  16 0.35
 13  17 0.61
 13  18 0.40
 13  19 0.67
 13  20 0.51
 13  21 0.46
 13  22 0.34
 14   1 0.50
 14   2 0.34
 14   3 0.42
 14   4 0.24
 14   5 0.69
 14   6 0.39
 14   7 0.20
 14   8 0.44
 14   9 0.61
 14  10 0.50
 14  11 0.57
 14  12 0.54
 14  13 0.65
 14  14 1.00
 14  15 0.54
 14  16 0.38
 14  17 0.58
 14  18 0.38
 14  19 0.67
 14  20 0.57
 14  21 0.37
 14  22 0.30
 15   1 0.52
 15   2 0.44
 15   3 0.48
 15   4 0.19
 15   5 0.51
 15   6 0.69
 15   7 0.41
 15   8 0.70
 15   9 0.48
 15  10 0.55
 15  11 0.63
 15  12 0.63
 15  13 0.50
 15  14 0.54
 15  15 1.00
 15  16 0.64
 15  17 0.56
 15  18 0.48
 15  19 0.63
 15  20 0.59
 15  21 0.59
 15  22 0.50
 16   1 0.42
 16   2 0.41
 16   3 0.33
 16   4 0.31
 16   5 0.48
 16   6 0.55
 16   7 0.29
 16   8 0.53
 16   9 0.38
 16  10 0.60
 16  11 0.52
 16  12 0.41
 16  13 0.35
 16  14 0.38
 16  15 0.64
 16  16 1.00
 16  17 0.52
 16  18 0.44
 16  19 0.51
 16  20 0.44
 16  21 0.46
 16  22 0.52
 17   1 0.55
 17   2 0.33
 17   3 0.37
 17   4 0.32
 17   5 0.64
 17   6 0.49
 17   7 0.27
 17   8 0.55
 17   9 0.57
 17  10 0.58
 17  11 0.66
 17  12 0.48
 17  13 0.61
 17  14 0.58
 17  15 0.56
 17  16 0.52
 17  17 1.00
 17  18 0.39
 17  19 0.64
 17  20 0.56
 17  21 0.53
 17  22 0.40
 18   1 0.45
 18   2 0.52
 18   3 0.26
 18   4 0.31
 18   5 0.44
 18   6 0.44
 18   7 0.20
 18   8 0.40
 18   9 0.38
 18  10 0.47
 18  11 0.40
 18  12 0.44
 18  13 0.40
 18  14 0.38
 18  15 0.48
 18  16 0.44
 18  17 0.39
 18  18 1.00
 18  19 0.38
 18  20 0.31
 18  21 0.54
 18  22 0.55
 19   1 0.56
 19   2 0.29
 19   3 0.57
 19   4 0.27
 19   5 0.57
 19   6 0.57
 19   7 0.35
 19   8 0.61
 19   9 0.60
 19  10 0.64
 19  11 0.75
 19  12 0.67
 19  13 0.67
 19  14 0.67
 19  15 0.63
 19  16 0.51
 19  17 0.64
 19  18 0.38
 19  19 1.00
 19  20 0.65
 19  21 0.45
 19  22 0.43
 20   1 0.44
 20   2 0.30
 20   3 0.50
 20   4 0.19
 20   5 0.44
 20   6 0.56
 20   7 0.25
 20   8 0.55
 20   9 0.51
 20  10 0.46
 20  11 0.58
 20  12 0.50
 20  13 0.51
 20  14 0.57
 20  15 0.59
 20  16 0.44
 20  17 0.56
 20  18 0.31
 20  19 0.65
 20  20 1.00
 20  21 0.35
 20  22 0.31
 21   1 0.53
 21   2 0.49
 21   3 0.31
 21   4 0.24
 21   5 0.47
 21   6 0.55
 21   7 0.41
 21   8 0.55
 21   9 0.40
 21  10 0.46
 21  11 0.51
 21  12 0.54
 21  13 0.46
 21  14 0.37
 21  15 0.59
 21  16 0.46
 21  17 0.53
 21  18 0.54
 21  19 0.45
 21  20 0.35
 21  21 1.00
 21  22 0.64
 22   1 0.44
 22   2 0.54
 22   3 0.27
 22   4 0.26
 22   5 0.34
 22   6 0.50
 22   7 0.43
 22   8 0.49
 22   9 0.29
 22  10 0.43
 22  11 0.43
 22  12 0.49
 22  13 0.34
 22  14 0.30
 22  15 0.50
 22  16 0.52
 22  17 0.40
 22  18 0.55
 22  19 0.43
 22  20 0.31
 22  21 0.64
 22  22 1.00
