  1   1 1.00
  1   2 0.62
  1   3 0.62
  1   4 0.34
  1   5 0.59
  1   6 0.34
  1   7 0.37
  1   8 0.47
  1   9 0.39
  1  10 0.33
  1  11 0.37
  1  12 0.61
  1  13 0.38
  1  14 0.32
  1  15 0.50
  1  16 0.43
  1  17 0.45
  1  18 0.47
  1  19 0.61
  1  20 0.44
  1  21 0.46
  1  22 0.54
  2   1 0.62
  2   2 1.00
  2   3 0.49
  2   4 0.41
  2   5 0.65
  2   6 0.47
  2   7 0.51
  2   8 0.50
  2   9 0.57
  2  10 0.37
  2  11 0.42
  2  12 0.63
  2  13 0.51
  2  14 0.36
  2  15 0.55
  2  16 0.42
  2  17 0.46
  2  18 0.55
  2  19 0.60
  2  20 0.57
  2  21 0.39
  2  22 0.67
  3   1 0.62
  3   2 0.49
  3   3 1.00
  3   4 0.33
  3   5 0.55
  3   6 0.42
  3   7 0.24
  3   8 0.44
  3   9 0.34
  3  10 0.50
  3  11 0.49
  3  12 0.55
  3  13 0.44
  3  14 0.36
  3  15 0.47
  3  16 0.50
  3  17 0.50
  3  18 0.43
  3  19 0.53
  3  20 0.42
  3  21 0.46
  3  22 0.51
  4   1 0.34
  4   2 0.41
  4   3 0.33
  4   4 1.00
  4   5 0.53
  4   6 0.48
  4   7 0.32
  4   8 0.58
  4   9 0.56
  4  10 0.34
  4  11 0.44
  4  12 0.51
  4  13 0.45
  4  14 0.40
  4  15 0.50
  4  16 0.45
  4  17 0.54
  4  18 0.46
  4  19 0.48
  4  20 0.64
  4  21 0.35
  4  22 0.57
  5   1 0.59
  5   2 0.65
  5   3 0.55
  5   4 0.53
  5   5 1.00
  5   6 0.55
  5   7 0.36
  5   8 0.65
  5   9 0.63
  5  10 0.47
  5  11 0.53
  5  12 0.69
  5  13 0.56
  5  14 0.43
  5  15 0.52
  5  16 0.53
  5  17 0.61
  5  18 0.58
  5  19 0.65
  5  20 0.66
  5  21 0.45
  5  22 0.61
  6   1 0.34
  6   2 0.47
  6   3 0.42
  6   4 0.48
  6   5 0.55
  6   6 1.00
  6   7 0.34
  6   8 0.65
  6   9 0.54
  6  10 0.65
  6  11 0.64
  6  12 0.57
  6  13 0.73
  6  14 0.57
  6  15 0.61
  6  16 0.63
  6  17 0.61
  6  18 0.51
  6  19 0.56
  6  20 0.68
  6  21 0.48
  6  22 0.52
  7   1 0.37
  7   2 0.51
  7   3 0.24
  7   4 0.32
  7   5 0.36
  7   6 0.34
  7   7 1.00
  7   8 0.31
  7   9 0.50
  7  10 0.20
  7  11 0.17
  7  12 0.38
  7  13 0.32
  7  14 0.25
  7  15 0.40
  7  16 0.38
  7  17 0.32
  7  18 0.41
  7  19 0.49
  7  20 0.43
  7  21 0.30
  7  22 0.57
  8   1 0.47
  8   2 0.50
  8   3 0.44
  8   4 0.58
  8   5 0.65
  8   6 0.65
  8   7 0.31
  8   8 1.00
  8   9 0.50
  8  10 0.54
  8  11 0.64
  8  12 0.59
  8  13 0.59
  8  14 0.53
  8  15 0.55
  8  16 0.59
  8  17 0.59
  8  18 0.55
  8  19 0.59
  8  20 0.66
  8  21 0.46
  8  22 0.55
  9   1 0.39
  9   2 0.57
  9   3 0.34
  9   4 0.56
  9   5 0.63
  9   6 0.54
  9   7 0.50
  9   8 0.50
  9   9 1.00
  9  10 0.32
  9  11 0.38
  9  12 0.50
  9  13 0.52
  9  14 0.34
  9  15 0.52
  9  16 0.45
  9  17 0.49
  9  18 0.48
  9  19 0.53
  9  20 0.65
  9  21 0.33
  9  22 0.61
 10   1 0.33
 10   2 0.37
 10   3 0.50
 10   4 0.34
 10   5 0.47
 10   6 0.65
 10   7 0.20
 10   8 0.54
 10   9 0.32
 10  10 1.00
 10  11 0.70
 10  12 0.55
 10  13 0.62
 10  14 0.54
 10  15 0.49
 10  16 0.63
 10  17 0.56
 10  18 0.34
 10  19 0.51
 10  20 0.41
 10  21 0.49
 10  22 0.43
 11   1 0.37
 11   2 0.42
 11   3 0.49
 11   4 0.44
 11   5 0.53
 11   6 0.64
 11   7 0.17
 11   8 0.64
 11   9 0.38
 11  10 0.70
 11  11 1.00
 11  12 0.62
 11  13 0.63
 11  14 0.57
 11  15 0.53
 11  16 0.63
 11  17 0.59
 11  18 0.45
 11  19 0.56
 11  20 0.52
 11  21 0.56
 11  22 0.43
 12   1 0.61
 12   2 0.63
 12   3 0.55
 12   4 0.51
 12   5 0.69
 12   6 0.57
 12   7 0.38
 12   8 0.59
 12   9 0.50
 12  10 0.55
 12  11 0.62
 12  12 1.00
 12  13 0.59
 12  14 0.52
 12  15 0.60
 12  16 0.63
 12  17 0.62
 12  18 0.54
 12  19 0.76
 12  20 0.56
 12  21 0.63
 12  22 0.56
 13   1 0.38
 13   2 0.51
 13   3 0.44
 13   4 0.45
 13   5 0.56
 13   6 0.73
 13   7 0.32
 13   8 0.59
 13   9 0.52
 13  10 0.62
 13  11 0.63
 13  12 0.59
 13  13 1.00
 13  14 0.62
 13  15 0.64
 13  16 0.60
 13  17 0.61
 13  18 0.52
 13  19 0.59
 13  20 0.60
 13  21 0.50
 13  22 0.53
 14   1 0.32
 14   2 0.36
 14   3 0.36
 14   4 0.40
 14   5 0.43
 14   6 0.57
 14   7 0.25
 14   8 0.53
 14   9 0.34
 14  10 0.54
 14  11 0.57
 14  12 0.52
 14  13 0.62
 14  14 1.00
 14  15 0.60
 14  16 0.68
 14  17 0.69
 14  18 0.38
 14  19 0.57
 14  20 0.45
 14  21 0.56
 14  22 0.40
 15   1 0.50
 15   2 0.55
 15   3 0.47
 15   4 0.50
 15   5 0.52
 15   6 0.61
 15   7 0.40
 15   8 0.55
 15   9 0.52
 15  10 0.49
 15  11 0.53
 15  12 0.60
 15  13 0.64
 15  14 0.60
 15  15 1.00
 15  16 0.60
 15  17 0.62
 15  18 0.48
 15  19 0.62
 15  20 0.59
 15  21 0.53
 15  22 0.57
 16   1 0.43
 16   2 0.42
 16   3 0.50
 16   4 0.45
 16   5 0.53
 16   6 0.63
 16   7 0.38
 16   8 0.59
 16   9 0.45
 16  10 0.63
 16  11 0.63
 16  12 0.63
 16  13 0.60
 16  14 0.68
 16  15 0.60
 16  16 1.00
 16  17 0.77
 16  18 0.40
 16  19 0.71
 16  20 0.51
 16  21 0.68
 16  22 0.50
 17   1 0.45
 17   2 0.46
 17   3 0.50
 17   4 0.54
 17   5 0.61
 17   6 0.61
 17   7 0.32
 17   8 0.59
 17   9 0.49
 17  10 0.56
 17  11 0.59
 17  12 0.62
 17  13 0.61
 17  14 0.69
 17  15 0.62
 17  16 0.77
 17  17 1.00
 17  18 0.45
 17  19 0.66
 17  20 0.58
 17  21 0.58
 17  22 0.53
 18   1 0.47
 18   2 0.55
 18   3 0.43
 18   4 0.46
 18   5 0.58
 18   6 0.51
 18   7 0.41
 18   8 0.55
 18   9 0.48
 18  10 0.34
 18  11 0.45
 18  12 0.54
 18  13 0.52
 18  14 0.38
 18  15 0.48
 18  16 0.40
 18  17 0.45
 18  18 1.00
 18  19 0.50
 18  20 0.55
 18  21 0.32
 18  22 0.60
 19   1 0.61
 19   2 0.60
 19   3 0.53
 19   4 0.48
 19   5 0.65
 19   6 0.56
 19   7 0.49
 19   8 0.59
 19   9 0.53
 19  10 0.51
 19  11 0.56
 19  12 0.76
 19  13 0.59
 19  14 0.57
 19  15 0.62
 19  16 0.71
 19  17 0.66
 19  18 0.50
 19  19 1.00
 19  20 0.51
 19  21 0.69
 19  22 0.54
 20   1 0.44
 20   2 0.57
 20   3 0.42
 20   4 0.64
 20   5 0.66
 20   6 0.68
 20   7 0.43
 20   8 0.66
 20   9 0.65
 20  10 0.41
 20  11 0.52
 20  12 0.56
 20  13 0.60
 20  14 0.45
 20  15 0.59
 20  16 0.51
 20  17 0.58
 20  18 0.55
 20  19 0.51
 20  20 1.00
 20  21 0.38
 20  22 0.66
 21   1 0.46
 21   2 0.39
 21   3 0.46
 21   4 0.35
 21   5 0.45
 21   6 0.48
 21   7 0.30
 21   8 0.46
 21   9 0.33
 21  10 0.49
 21  11 0.56
 21  12 0.63
 21  13 0.50
 21  14 0.56
 21  15 0.53
 21  16 0.68
 21  17 0.58
 21  18 0.32
 21  19 0.69
 21  20 0.38
 21  21 1.00
 21  22 0.36
 22   1 0.54
 22   2 0.67
 22   3 0.51
 22   4 0.57
 22   5 0.61
 22   6 0.52
 22   7 0.57
 22   8 0.55
 22   9 0.61
 22  10 0.43
 22  11 0.43
 22  12 0.56
 22  13 0.53
 22  14 0.40
 22  15 0.57
 22  16 0.50
 22  17 0.53
 22  18 0.60
 22  19 0.54
 22  20 0.66
 22  21 0.36
 22  22 1.00
