  1   1 1.00
  1   2 0.41
  1   3 0.44
  1   4 0.27
  1   5 0.48
  1   6 0.55
  1   7 0.28
  1   8 0.43
  1   9 0.44
  1  10 0.46
  1  11 0.48
  1  12 0.39
  1  13 0.46
  1  14 0.38
  1  15 0.42
  1  16 0.46
  1  17 0.49
  1  18 0.46
  1  19 0.53
  1  20 0.50
  1  21 0.51
  1  22 0.48
  2   1 0.41
  2   2 1.00
  2   3 0.40
  2   4 0.19
  2   5 0.37
  2   6 0.42
  2   7 0.18
  2   8 0.32
  2   9 0.37
  2  10 0.41
  2  11 0.29
  2  12 0.32
  2  13 0.30
  2  14 0.42
  2  15 0.47
  2  16 0.29
  2  17 0.28
  2  18 0.42
  2  19 0.32
  2  20 0.30
  2  21 0.45
  2  22 0.40
  3   1 0.44
  3   2 0.40
  3   3 1.00
  3   4 0.22
  3   5 0.51
  3   6 0.50
  3   7 0.30
  3   8 0.41
  3   9 0.44
  3  10 0.48
  3  11 0.48
  3  12 0.51
  3  13 0.44
  3  14 0.44
  3  15 0.58
  3  16 0.42
  3  17 0.48
  3  18 0.45
  3  19 0.55
  3  20 0.45
  3  21 0.50
  3  22 0.44
  4   1 0.27
  4   2 0.19
  4   3 0.22
  4   4 1.00
  4   5 0.26
  4   6 0.28
  4   7 0.08
  4   8 0.14
  4   9 0.24
  4  10 0.32
  4  11 0.22
  4  12 0.14
  4  13 0.25
  4  14 0.19
  4  15 0.25
  4  16 0.24
  4  17 0.35
  4  18 0.33
  4  19 0.22
  4  20 0.20
  4  21 0.27
  4  22 0.26
  5   1 0.48
  5   2 0.37
  5   3 0.51
  5   4 0.26
  5   5 1.00
  5   6 0.47
  5   7 0.22
  5   8 0.39
  5   9 0.63
  5  10 0.50
  5  11 0.46
  5  12 0.36
  5  13 0.48
  5  14 0.53
  5  15 0.60
  5  16 0.43
  5  17 0.57
  5  18 0.59
  5  19 0.49
  5  20 0.44
  5  21 0.63
  5  22 0.42
  6   1 0.55
  6   2 0.42
  6   3 0.50
  6   4 0.28
  6   5 0.47
  6   6 1.00
  6   7 0.40
  6   8 0.52
  6   9 0.40
  6  10 0.67
  6  11 0.58
  6  12 0.58
  6  13 0.48
  6  14 0.45
  6  15 0.54
  6  16 0.69
  6  17 0.58
  6  18 0.55
  6  19 0.62
  6  20 0.57
  6  21 0.59
  6  22 0.68
  7   1 0.28
  7   2 0.18
  7   3 0.30
  7   4 0.08
  7   5 0.22
  7   6 0.40
  7   7 1.00
  7   8 0.54
  7   9 0.30
  7  10 0.34
  7  11 0.35
  7  12 0.50
  7  13 0.29
  7  14 0.19
  7  15 0.27
  7  16 0.39
  7  17 0.24
  7  18 0.28
  7  19 0.43
  7  20 0.33
  7  21 0.37
  7  22 0.36
  8   1 0.43
  8   2 0.32
  8   3 0.41
  8   4 0.14
  8   5 0.39
  8   6 0.52
  8   7 0.54
  8   8 1.00
  8   9 0.55
  8  10 0.50
  8  11 0.51
  8  12 0.53
  8  13 0.48
  8  14 0.31
  8  15 0.43
  8  16 0.54
  8  17 0.38
  8  18 0.47
  8  19 0.56
  8  20 0.51
  8  21 0.56
  8  22 0.46
  9   1 0.44
  9   2 0.37
  9   3 0.44
  9   4 0.24
  9   5 0.63
  9   6 0.40
  9   7 0.30
  9   8 0.55
  9   9 1.00
  9  10 0.48
  9  11 0.46
  9  12 0.38
  9  13 0.45
  9  14 0.36
  9  15 0.47
  9  16 0.37
  9  17 0.43
  9  18 0.56
  9  19 0.48
  9  20 0.47
  9  21 0.60
  9  22 0.38
 10   1 0.46
 10   2 0.41
 10   3 0.48
 10   4 0.32
 10   5 0.50
 10   6 0.67
 10   7 0.34
 10   8 0.50
 10   9 0.48
 10  10 1.00
 10  11 0.55
 10  12 0.50
 10  13 0.54
 10  14 0.41
 10  15 0.60
 10  16 0.64
 10  17 0.50
 10  18 0.65
 10  19 0.56
 10  20 0.40
 10  21 0.63
 10  22 0.67
 11   1 0.48
 11   2 0.29
 11   3 0.48
 11   4 0.22
 11   5 0.46
 11   6 0.58
 11   7 0.35
 11   8 0.51
 11   9 0.46
 11  10 0.55
 11  11 1.00
 11  12 0.57
 11  13 0.53
 11  14 0.36
 11  15 0.46
 11  16 0.56
 11  17 0.49
 11  18 0.49
 11  19 0.70
 11  20 0.53
 11  21 0.51
 11  22 0.53
 12   1 0.39
 12   2 0.32
 12   3 0.51
 12   4 0.14
 12   5 0.36
 12   6 0.58
 12   7 0.50
 12   8 0.53
 12   9 0.38
 12  10 0.50
 12  11 0.57
 12  12 1.00
 12  13 0.43
 12  14 0.37
 12  15 0.43
 12  16 0.57
 12  17 0.32
 12  18 0.42
 12  19 0.66
 12  20 0.46
 12  21 0.50
 12  22 0.58
 13   1 0.46
 13   2 0.30
 13   3 0.44
 13   4 0.25
 13   5 0.48
 13   6 0.48
 13   7 0.29
 13   8 0.48
 13   9 0.45
 13  10 0.54
 13  11 0.53
 13  12 0.43
 13  13 1.00
 13  14 0.39
 13  15 0.49
 13  16 0.52
 13  17 0.54
 13  18 0.47
 13  19 0.53
 13  20 0.39
 13  21 0.54
 13  22 0.49
 14   1 0.38
 14   2 0.42
 14   3 0.44
 14   4 0.19
 14   5 0.53
 14   6 0.45
 14   7 0.19
 14   8 0.31
 14   9 0.36
 14  10 0.41
 14  11 0.36
 14  12 0.37
 14  13 0.39
 14  14 1.00
 14  15 0.51
 14  16 0.33
 14  17 0.45
 14  18 0.34
 14  19 0.41
 14  20 0.39
 14  21 0.45
 14  22 0.38
 15   1 0.42
 15   2 0.47
 15   3 0.58
 15   4 0.25
 15   5 0.60
 15   6 0.54
 15   7 0.27
 15   8 0.43
 15   9 0.47
 15  10 0.60
 15  11 0.46
 15  12 0.43
 15  13 0.49
 15  14 0.51
 15  15 1.00
 15  16 0.50
 15  17 0.50
 15  18 0.53
 15  19 0.52
 15  20 0.43
 15  21 0.61
 15  22 0.52
 16   1 0.46
 16   2 0.29
 16   3 0.42
 16   4 0.24
 16   5 0.43
 16   6 0.69
 16   7 0.39
 16   8 0.54
 16   9 0.37
 16  10 0.64
 16  11 0.56
 16  12 0.57
 16  13 0.52
 16  14 0.33
 16  15 0.50
 16  16 1.00
 16  17 0.45
 16  18 0.53
 16  19 0.61
 16  20 0.44
 16  21 0.54
 16  22 0.70
 17   1 0.49
 17   2 0.28
 17   3 0.48
 17   4 0.35
 17   5 0.57
 17   6 0.58
 17   7 0.24
 17   8 0.38
 17   9 0.43
 17  10 0.50
 17  11 0.49
 17  12 0.32
 17  13 0.54
 17  14 0.45
 17  15 0.50
 17  16 0.45
 17  17 1.00
 17  18 0.49
 17  19 0.51
 17  20 0.50
 17  21 0.49
 17  22 0.44
 18   1 0.46
 18   2 0.42
 18   3 0.45
 18   4 0.33
 18   5 0.59
 18   6 0.55
 18   7 0.28
 18   8 0.47
 18   9 0.56
 18  10 0.65
 18  11 0.49
 18  12 0.42
 18  13 0.47
 18  14 0.34
 18  15 0.53
 18  16 0.53
 18  17 0.49
 18  18 1.00
 18  19 0.53
 18  20 0.41
 18  21 0.58
 18  22 0.53
 19   1 0.53
 19   2 0.32
 19   3 0.55
 19   4 0.22
 19   5 0.49
 19   6 0.62
 19   7 0.43
 19   8 0.56
 19   9 0.48
 19  10 0.56
 19  11 0.70
 19  12 0.66
 19  13 0.53
 19  14 0.41
 19  15 0.52
 19  16 0.61
 19  17 0.51
 19  18 0.53
 19  19 1.00
 19  20 0.56
 19  21 0.58
 19  22 0.58
 20   1 0.50
 20   2 0.30
 20   3 0.45
 20   4 0.20
 20   5 0.44
 20   6 0.57
 20   7 0.33
 20   8 0.51
 20   9 0.47
 20  10 0.40
 20  11 0.53
 20  12 0.46
 20  13 0.39
 20  14 0.39
 20  15 0.43
 20  16 0.44
 20  17 0.50
 20  18 0.41
 20  19 0.56
 20  20 1.00
 20  21 0.47
 20  22 0.45
 21   1 0.51
 21   2 0.45
 21   3 0.50
 21   4 0.27
 21   5 0.63
 21   6 0.59
 21   7 0.37
 21   8 0.56
 21   9 0.60
 21  10 0.63
 21  11 0.51
 21  12 0.50
 21  13 0.54
 21  14 0.45
 21  15 0.61
 21  16 0.54
 21  17 0.49
 21  18 0.58
 21  19 0.58
 21  20 0.47
 21  21 1.00
 21  22 0.59
 22   1 0.48
 22   2 0.40
 22   3 0.44
 22   4 0.26
 22   5 0.42
 22   6 0.68
 22   7 0.36
 22   8 0.46
 22   9 0.38
 22  10 0.67
 22  11 0.53
 22  12 0.58
 22  13 0.49
 22  14 0.38
 22  15 0.52
 22  16 0.70
 22  17 0.44
 22  18 0.53
 22  19 0.58
 22  20 0.45
 22  21 0.59
 22  22 1.00
