  1   1 1.00
  1   2 0.61
  1   3 0.32
  1   4 0.11
  1   5 0.46
  1   6 0.46
  1   7 0.39
  1   8 0.28
  1   9 0.43
  1  10 0.43
  1  11 0.51
  1  12 0.57
  1  13 0.34
  1  14 0.46
  1  15 0.46
  1  16 0.46
  1  17 0.46
  1  18 0.27
  1  19 0.52
  1  20 0.38
  1  21 0.39
  1  22 0.60
  2   1 0.61
  2   2 1.00
  2   3 0.34
  2   4 0.18
  2   5 0.50
  2   6 0.55
  2   7 0.48
  2   8 0.37
  2   9 0.62
  2  10 0.66
  2  11 0.57
  2  12 0.50
  2  13 0.55
  2  14 0.62
  2  15 0.54
  2  16 0.58
  2  17 0.52
  2  18 0.40
  2  19 0.54
  2  20 0.52
  2  21 0.50
  2  22 0.60
  3   1 0.32
  3   2 0.34
  3   3 1.00
  3   4 0.16
  3   5 0.47
  3   6 0.37
  3   7 0.51
  3   8 0.39
  3   9 0.30
  3  10 0.26
  3  11 0.42
  3  12 0.30
  3  13 0.27
  3  14 0.44
  3  15 0.37
  3  16 0.37
  3  17 0.42
  3  18 0.24
  3  19 0.44
  3  20 0.27
  3  21 0.32
  3  22 0.39
  4   1 0.11
  4   2 0.18
  4   3 0.16
  4   4 1.00
  4   5 0.21
  4   6 0.18
  4   7 0.16
  4   8 0.19
  4   9 0.18
  4  10 0.20
  4  11 0.13
  4  12 0.20
  4  13 0.14
  4  14 0.17
  4  15 0.17
  4  16 0.21
  4  17 0.19
  4  18 0.20
  4  19 0.15
  4  20 0.20
  4  21 0.18
  4  22 0.20
  5   1 0.46
  5   2 0.50
  5   3 0.47
  5   4 0.21
  5   5 1.00
  5   6 0.42
  5   7 0.67
  5   8 0.35
  5   9 0.50
  5  10 0.47
  5  11 0.49
  5  12 0.34
  5  13 0.41
  5  14 0.54
  5  15 0.62
  5  16 0.53
  5  17 0.57
  5  18 0.37
  5  19 0.58
  5  20 0.57
  5  21 0.41
  5  22 0.42
  6   1 0.46
  6   2 0.55
  6   3 0.37
  6   4 0.18
  6   5 0.42
  6   6 1.00
  6   7 0.43
  6   8 0.40
  6   9 0.41
  6  10 0.46
  6  11 0.51
  6  12 0.42
  6  13 0.39
  6  14 0.51
  6  15 0.38
  6  16 0.51
  6  17 0.52
  6  18 0.40
  6  19 0.52
  6  20 0.42
  6  21 0.42
  6  22 0.55
  7   1 0.39
  7   2 0.48
  7   3 0.51
  7   4 0.16
  7   5 0.67
  7   6 0.43
  7   7 1.00
  7   8 0.37
  7   9 0.45
  7  10 0.43
  7  11 0.52
  7  12 0.27
  7  13 0.46
  7  14 0.61
  7  15 0.55
  7  16 0.55
  7  17 0.60
  7  18 0.30
  7  19 0.63
  7  20 0.45
  7  21 0.36
  7  22 0.41
  8   1 0.28
  8   2 0.37
  8   3 0.39
  8   4 0.19
  8   5 0.35
  8   6 0.40
  8   7 0.37
  8   8 1.00
  8   9 0.29
  8  10 0.29
  8  11 0.31
  8  12 0.33
  8  13 0.29
  8  14 0.47
  8  15 0.37
  8  16 0.37
  8  17 0.44
  8  18 0.40
  8  19 0.38
  8  20 0.37
  8  21 0.31
  8  22 0.41
  9   1 0.43
  9   2 0.62
  9   3 0.30
  9   4 0.18
  9   5 0.50
  9   6 0.41
  9   7 0.45
  9   8 0.29
  9   9 1.00
  9  10 0.49
  9  11 0.57
  9  12 0.40
  9  13 0.40
  9  14 0.53
  9  15 0.54
  9  16 0.59
  9  17 0.42
  9  18 0.29
  9  19 0.54
  9  20 0.50
  9  21 0.52
  9  22 0.50
 10   1 0.43
 10   2 0.66
 10   3 0.26
 10   4 0.20
 10   5 0.47
 10   6 0.46
 10   7 0.43
 10   8 0.29
 10   9 0.49
 10  10 1.00
 10  11 0.41
 10  12 0.53
 10  13 0.54
 10  14 0.50
 10  15 0.54
 10  16 0.56
 10  17 0.49
 10  18 0.36
 10  19 0.49
 10  20 0.51
 10  21 0.49
 10  22 0.55
 11   1 0.51
 11   2 0.57
 11   3 0.42
 11   4 0.13
 11   5 0.49
 11   6 0.51
 11   7 0.52
 11   8 0.31
 11   9 0.57
 11  10 0.41
 11  11 1.00
 11  12 0.46
 11  13 0.39
 11  14 0.54
 11  15 0.47
 11  16 0.56
 11  17 0.50
 11  18 0.34
 11  19 0.65
 11  20 0.40
 11  21 0.43
 11  22 0.59
 12   1 0.57
 12   2 0.50
 12   3 0.30
 12   4 0.20
 12   5 0.34
 12   6 0.42
 12   7 0.27
 12   8 0.33
 12   9 0.40
 12  10 0.53
 12  11 0.46
 12  12 1.00
 12  13 0.33
 12  14 0.37
 12  15 0.41
 12  16 0.46
 12  17 0.36
 12  18 0.32
 12  19 0.50
 12  20 0.38
 12  21 0.43
 12  22 0.72
 13   1 0.34
 13   2 0.55
 13   3 0.27
 13   4 0.14
 13   5 0.41
 13   6 0.39
 13   7 0.46
 13   8 0.29
 13   9 0.40
 13  10 0.54
 13  11 0.39
 13  12 0.33
 13  13 1.00
 13  14 0.40
 13  15 0.41
 13  16 0.46
 13  17 0.43
 13  18 0.36
 13  19 0.39
 13  20 0.50
 13  21 0.47
 13  22 0.39
 14   1 0.46
 14   2 0.62
 14   3 0.44
 14   4 0.17
 14   5 0.54
 14   6 0.51
 14   7 0.61
 14   8 0.47
 14   9 0.53
 14  10 0.50
 14  11 0.54
 14  12 0.37
 14  13 0.40
 14  14 1.00
 14  15 0.48
 14  16 0.59
 14  17 0.58
 14  18 0.32
 14  19 0.63
 14  20 0.40
 14  21 0.34
 14  22 0.54
 15   1 0.46
 15   2 0.54
 15   3 0.37
 15   4 0.17
 15   5 0.62
 15   6 0.38
 15   7 0.55
 15   8 0.37
 15   9 0.54
 15  10 0.54
 15  11 0.47
 15  12 0.41
 15  13 0.41
 15  14 0.48
 15  15 1.00
 15  16 0.47
 15  17 0.51
 15  18 0.29
 15  19 0.51
 15  20 0.51
 15  21 0.40
 15  22 0.47
 16   1 0.46
 16   2 0.58
 16   3 0.37
 16   4 0.21
 16   5 0.53
 16   6 0.51
 16   7 0.55
 16   8 0.37
 16   9 0.59
 16  10 0.56
 16  11 0.56
 16  12 0.46
 16  13 0.46
 16  14 0.59
 16  15 0.47
 16  16 1.00
 16  17 0.57
 16  18 0.38
 16  19 0.58
 16  20 0.44
 16  21 0.50
 16  22 0.55
 17   1 0.46
 17   2 0.52
 17   3 0.42
 17   4 0.19
 17   5 0.57
 17   6 0.52
 17   7 0.60
 17   8 0.44
 17   9 0.42
 17  10 0.49
 17  11 0.50
 17  12 0.36
 17  13 0.43
 17  14 0.58
 17  15 0.51
 17  16 0.57
 17  17 1.00
 17  18 0.32
 17  19 0.64
 17  20 0.36
 17  21 0.38
 17  22 0.48
 18   1 0.27
 18   2 0.40
 18   3 0.24
 18   4 0.20
 18   5 0.37
 18   6 0.40
 18   7 0.30
 18   8 0.40
 18   9 0.29
 18  10 0.36
 18  11 0.34
 18  12 0.32
 18  13 0.36
 18  14 0.32
 18  15 0.29
 18  16 0.38
 18  17 0.32
 18  18 1.00
 18  19 0.31
 18  20 0.44
 18  21 0.50
 18  22 0.36
 19   1 0.52
 19   2 0.54
 19   3 0.44
 19   4 0.15
 19   5 0.58
 19   6 0.52
 19   7 0.63
 19   8 0.38
 19   9 0.54
 19  10 0.49
 19  11 0.65
 19  12 0.50
 19  13 0.39
 19  14 0.63
 19  15 0.51
 19  16 0.58
 19  17 0.64
 19  18 0.31
 19  19 1.00
 19  20 0.37
 19  21 0.36
 19  22 0.65
 20   1 0.38
 20   2 0.52
 20   3 0.27
 20   4 0.20
 20   5 0.57
 20   6 0.42
 20   7 0.45
 20   8 0.37
 20   9 0.50
 20  10 0.51
 20  11 0.40
 20  12 0.38
 20  13 0.50
 20  14 0.40
 20  15 0.51
 20  16 0.44
 20  17 0.36
 20  18 0.44
 20  19 0.37
 20  20 1.00
 20  21 0.49
 20  22 0.45
 21   1 0.39
 21   2 0.50
 21   3 0.32
 21   4 0.18
 21   5 0.41
 21   6 0.42
 21   7 0.36
 21   8 0.31
 21   9 0.52
 21  10 0.49
 21  11 0.43
 21  12 0.43
 21  13 0.47
 21  14 0.34
 21  15 0.40
 21  16 0.50
 21  17 0.38
 21  18 0.50
 21  19 0.36
 21  20 0.49
 21  21 1.00
 21  22 0.42
 22   1 0.60
 22   2 0.60
 22   3 0.39
 22   4 0.20
 22   5 0.42
 22   6 0.55
 22   7 0.41
 22   8 0.41
 22   9 0.50
 22  10 0.55
 22  11 0.59
 22  12 0.72
 22  13 0.39
 22  14 0.54
 22  15 0.47
 22  16 0.55
 22  17 0.48
 22  18 0.36
 22  19 0.65
 22  20 0.45
 22  21 0.42
 22  22 1.00
