  1   1 1.00
  1   2 0.59
  1   3 0.50
  1   4 0.22
  1   5 0.27
  1   6 0.51
  1   7 0.50
  1   8 0.51
  1   9 0.68
  1  10 0.55
  1  11 0.58
  1  12 0.42
  1  13 0.41
  1  14 0.21
  1  15 0.58
  1  16 0.33
  1  17 0.30
  1  18 0.46
  1  19 0.51
  1  20 0.29
  1  21 0.60
  1  22 0.56
  2   1 0.59
  2   2 1.00
  2   3 0.68
  2   4 0.20
  2   5 0.36
  2   6 0.41
  2   7 0.36
  2   8 0.49
  2   9 0.63
  2  10 0.52
  2  11 0.37
  2  12 0.40
  2  13 0.27
  2  14 0.40
  2  15 0.66
  2  16 0.41
  2  17 0.34
  2  18 0.39
  2  19 0.58
  2  20 0.34
  2  21 0.58
  2  22 0.41
  3   1 0.50
  3   2 0.68
  3   3 1.00
  3   4 0.16
  3   5 0.43
  3   6 0.24
  3   7 0.38
  3   8 0.34
  3   9 0.66
  3  10 0.48
  3  11 0.33
  3  12 0.33
  3  13 0.19
  3  14 0.48
  3  15 0.60
  3  16 0.23
  3  17 0.32
  3  18 0.35
  3  19 0.30
  3  20 0.18
  3  21 0.58
  3  22 0.26
  4   1 0.22
  4   2 0.20
  4   3 0.16
  4   4 1.00
  4   5 0.15
  4   6 0.27
  4   7 0.39
  4   8 0.27
  4   9 0.28
  4  10 0.25
  4  11 0.28
  4  12 0.47
  4  13 0.31
  4  14 0.20
  4  15 0.28
  4  16 0.36
  4  17 0.32
  4  18 0.38
  4  19 0.27
  4  20 0.44
  4  21 0.26
  4  22 0.22
  5   1 0.27
  5   2 0.36
  5   3 0.43
  5   4 0.15
  5   5 1.00
  5   6 0.16
  5   7 0.24
  5   8 0.21
  5   9 0.34
  5  10 0.27
  5  11 0.20
  5  12 0.31
  5  13 0.15
  5  14 0.63
  5  15 0.38
  5  16 0.16
  5  17 0.41
  5  18 0.35
  5  19 0.18
  5  20 0.11
  5  21 0.41
  5  22 0.18
  6   1 0.51
  6   2 0.41
  6   3 0.24
  6   4 0.27
  6   5 0.16
  6   6 1.00
  6   7 0.48
  6   8 0.63
  6   9 0.41
  6  10 0.49
  6  11 0.51
  6  12 0.40
  6  13 0.59
  6  14 0.21
  6  15 0.48
  6  16 0.36
  6  17 0.35
  6  18 0.42
  6  19 0.69
  6  20 0.36
  6  21 0.51
  6  22 0.53
  7   1 0.50
  7   2 0.36
  7   3 0.38
  7   4 0.39
  7   5 0.24
  7   6 0.48
  7   7 1.00
  7   8 0.58
  7   9 0.48
  7  10 0.44
  7  11 0.62
  7  12 0.44
  7  13 0.52
  7  14 0.28
  7  15 0.38
  7  16 0.38
  7  17 0.42
  7  18 0.59
  7  19 0.52
  7  20 0.41
  7  21 0.59
  7  22 0.47
  8   1 0.51
  8   2 0.49
  8   3 0.34
  8   4 0.27
  8   5 0.21
  8   6 0.63
  8   7 0.58
  8   8 1.00
  8   9 0.45
  8  10 0.60
  8  11 0.61
  8  12 0.41
  8  13 0.56
  8  14 0.20
  8  15 0.42
  8  16 0.35
  8  17 0.40
  8  18 0.42
  8  19 0.71
  8  20 0.44
  8  21 0.61
  8  22 0.54
  9   1 0.68
  9   2 0.63
  9   3 0.66
  9   4 0.28
  9   5 0.34
  9   6 0.41
  9   7 0.48
  9   8 0.45
  9   9 1.00
  9  10 0.54
  9  11 0.59
  9  12 0.47
  9  13 0.34
  9  14 0.40
  9  15 0.58
  9  16 0.36
  9  17 0.29
  9  18 0.46
  9  19 0.47
  9  20 0.28
  9  21 0.45
  9  22 0.46
 10   1 0.55
 10   2 0.52
 10   3 0.48
 10   4 0.25
 10   5 0.27
 10   6 0.49
 10   7 0.44
 10   8 0.60
 10   9 0.54
 10  10 1.00
 10  11 0.67
 10  12 0.64
 10  13 0.53
 10  14 0.23
 10  15 0.41
 10  16 0.45
 10  17 0.56
 10  18 0.52
 10  19 0.54
 10  20 0.40
 10  21 0.57
 10  22 0.55
 11   1 0.58
 11   2 0.37
 11   3 0.33
 11   4 0.28
 11   5 0.20
 11   6 0.51
 11   7 0.62
 11   8 0.61
 11   9 0.59
 11  10 0.67
 11  11 1.00
 11  12 0.50
 11  13 0.62
 11  14 0.20
 11  15 0.38
 11  16 0.44
 11  17 0.45
 11  18 0.54
 11  19 0.52
 11  20 0.41
 11  21 0.54
 11  22 0.62
 12   1 0.42
 12   2 0.40
 12   3 0.33
 12   4 0.47
 12   5 0.31
 12   6 0.40
 12   7 0.44
 12   8 0.41
 12   9 0.47
 12  10 0.64
 12  11 0.50
 12  12 1.00
 12  13 0.57
 12  14 0.24
 12  15 0.32
 12  16 0.60
 12  17 0.72
 12  18 0.67
 12  19 0.43
 12  20 0.46
 12  21 0.45
 12  22 0.57
 13   1 0.41
 13   2 0.27
 13   3 0.19
 13   4 0.31
 13   5 0.15
 13   6 0.59
 13   7 0.52
 13   8 0.56
 13   9 0.34
 13  10 0.53
 13  11 0.62
 13  12 0.57
 13  13 1.00
 13  14 0.16
 13  15 0.28
 13  16 0.42
 13  17 0.53
 13  18 0.57
 13  19 0.58
 13  20 0.51
 13  21 0.44
 13  22 0.66
 14   1 0.21
 14   2 0.40
 14   3 0.48
 14   4 0.20
 14   5 0.63
 14   6 0.21
 14   7 0.28
 14   8 0.20
 14   9 0.40
 14  10 0.23
 14  11 0.20
 14  12 0.24
 14  13 0.16
 14  14 1.00
 14  15 0.52
 14  16 0.16
 14  17 0.40
 14  18 0.36
 14  19 0.16
 14  20 0.12
 14  21 0.45
 14  22 0.12
 15   1 0.58
 15   2 0.66
 15   3 0.60
 15   4 0.28
 15   5 0.38
 15   6 0.48
 15   7 0.38
 15   8 0.42
 15   9 0.58
 15  10 0.41
 15  11 0.38
 15  12 0.32
 15  13 0.28
 15  14 0.52
 15  15 1.00
 15  16 0.25
 15  17 0.29
 15  18 0.36
 15  19 0.40
 15  20 0.19
 15  21 0.55
 15  22 0.28
 16   1 0.33
 16   2 0.41
 16   3 0.23
 16   4 0.36
 16   5 0.16
 16   6 0.36
 16   7 0.38
 16   8 0.35
 16   9 0.36
 16  10 0.45
 16  11 0.44
 16  12 0.60
 16  13 0.42
 16  14 0.16
 16  15 0.25
 16  16 1.00
 16  17 0.47
 16  18 0.64
 16  19 0.50
 16  20 0.47
 16  21 0.32
 16  22 0.52
 17   1 0.30
 17   2 0.34
 17   3 0.32
 17   4 0.32
 17   5 0.41
 17   6 0.35
 17   7 0.42
 17   8 0.40
 17   9 0.29
 17  10 0.56
 17  11 0.45
 17  12 0.72
 17  13 0.53
 17  14 0.40
 17  15 0.29
 17  16 0.47
 17  17 1.00
 17  18 0.63
 17  19 0.39
 17  20 0.41
 17  21 0.58
 17  22 0.49
 18   1 0.46
 18   2 0.39
 18   3 0.35
 18   4 0.38
 18   5 0.35
 18   6 0.42
 18   7 0.59
 18   8 0.42
 18   9 0.46
 18  10 0.52
 18  11 0.54
 18  12 0.67
 18  13 0.57
 18  14 0.36
 18  15 0.36
 18  16 0.64
 18  17 0.63
 18  18 1.00
 18  19 0.48
 18  20 0.46
 18  21 0.47
 18  22 0.60
 19   1 0.51
 19   2 0.58
 19   3 0.30
 19   4 0.27
 19   5 0.18
 19   6 0.69
 19   7 0.52
 19   8 0.71
 19   9 0.47
 19  10 0.54
 19  11 0.52
 19  12 0.43
 19  13 0.58
 19  14 0.16
 19  15 0.40
 19  16 0.50
 19  17 0.39
 19  18 0.48
 19  19 1.00
 19  20 0.50
 19  21 0.59
 19  22 0.61
 20   1 0.29
 20   2 0.34
 20   3 0.18
 20   4 0.44
 20   5 0.11
 20   6 0.36
 20   7 0.41
 20   8 0.44
 20   9 0.28
 20  10 0.40
 20  11 0.41
 20  12 0.46
 20  13 0.51
 20  14 0.12
 20  15 0.19
 20  16 0.47
 20  17 0.41
 20  18 0.46
 20  19 0.50
 20  20 1.00
 20  21 0.33
 20  22 0.42
 21   1 0.60
 21   2 0.58
 21   3 0.58
 21   4 0.26
 21   5 0.41
 21   6 0.51
 21   7 0.59
 21   8 0.61
 21   9 0.45
 21  10 0.57
 21  11 0.54
 21  12 0.45
 21  13 0.44
 21  14 0.45
 21  15 0.55
 21  16 0.32
 21  17 0.58
 21  18 0.47
 21  19 0.59
 21  20 0.33
 21  21 1.00
 21  22 0.46
 22   1 0.56
 22   2 0.41
 22   3 0.26
 22   4 0.22
 22   5 0.18
 22   6 0.53
 22   7 0.47
 22   8 0.54
 22   9 0.46
 22  10 0.55
 22  11 0.62
 22  12 0.57
 22  13 0.66
 22  14 0.12
 22  15 0.28
 22  16 0.52
 22  17 0.49
 22  18 0.60
 22  19 0.61
 22  20 0.42
 22  21 0.46
 22  22 1.00
