  1   1 1.00
  1   2 0.47
  1   3 0.43
  1   4 0.19
  1   5 0.43
  1   6 0.28
  1   7 0.21
  1   8 0.26
  1   9 0.59
  1  10 0.35
  1  11 0.30
  1  12 0.35
  1  13 0.44
  1  14 0.52
  1  15 0.44
  1  16 0.24
  1  17 0.58
  1  18 0.42
  1  19 0.35
  1  20 0.35
  1  21 0.48
  1  22 0.60
  2   1 0.47
  2   2 1.00
  2   3 0.37
  2   4 0.36
  2   5 0.46
  2   6 0.49
  2   7 0.42
  2   8 0.48
  2   9 0.57
  2  10 0.43
  2  11 0.51
  2  12 0.51
  2  13 0.57
  2  14 0.49
  2  15 0.56
  2  16 0.38
  2  17 0.55
  2  18 0.58
  2  19 0.44
  2  20 0.42
  2  21 0.54
  2  22 0.48
  3   1 0.43
  3   2 0.37
  3   3 1.00
  3   4 0.42
  3   5 0.60
  3   6 0.40
  3   7 0.28
  3   8 0.44
  3   9 0.36
  3  10 0.57
  3  11 0.46
  3  12 0.47
  3  13 0.41
  3  14 0.55
  3  15 0.35
  3  16 0.44
  3  17 0.53
  3  18 0.46
  3  19 0.45
  3  20 0.56
  3  21 0.47
  3  22 0.34
  4   1 0.19
  4   2 0.36
  4   3 0.42
  4   4 1.00
  4   5 0.51
  4   6 0.54
  4   7 0.46
  4   8 0.54
  4   9 0.31
  4  10 0.65
  4  11 0.49
  4  12 0.33
  4  13 0.54
  4  14 0.34
  4  15 0.41
  4  16 0.62
  4  17 0.47
  4  18 0.46
  4  19 0.61
  4  20 0.56
  4  21 0.45
  4  22 0.23
  5   1 0.43
  5   2 0.46
  5   3 0.60
  5   4 0.51
  5   5 1.00
  5   6 0.57
  5   7 0.48
  5   8 0.56
  5   9 0.51
  5  10 0.65
  5  11 0.61
  5  12 0.61
  5  13 0.55
  5  14 0.63
  5  15 0.47
  5  16 0.50
  5  17 0.66
  5  18 0.64
  5  19 0.65
  5  20 0.70
  5  21 0.60
  5  22 0.44
  6   1 0.28
  6   2 0.49
  6   3 0.40
  6   4 0.54
  6   5 0.57
  6   6 1.00
  6   7 0.60
  6   8 0.71
  6   9 0.49
  6  10 0.63
  6  11 0.70
  6  12 0.58
  6  13 0.71
  6  14 0.56
  6  15 0.64
  6  16 0.56
  6  17 0.61
  6  18 0.63
  6  19 0.73
  6  20 0.65
  6  21 0.44
  6  22 0.42
  7   1 0.21
  7   2 0.42
  7   3 0.28
  7   4 0.46
  7   5 0.48
  7   6 0.60
  7   7 1.00
  7   8 0.67
  7   9 0.37
  7  10 0.45
  7  11 0.52
  7  12 0.48
  7  13 0.61
  7  14 0.54
  7  15 0.64
  7  16 0.38
  7  17 0.49
  7  18 0.49
  7  19 0.50
  7  20 0.43
  7  21 0.47
  7  22 0.32
  8   1 0.26
  8   2 0.48
  8   3 0.44
  8   4 0.54
  8   5 0.56
  8   6 0.71
  8   7 0.67
  8   8 1.00
  8   9 0.43
  8  10 0.63
  8  11 0.65
  8  12 0.55
  8  13 0.61
  8  14 0.55
  8  15 0.61
  8  16 0.55
  8  17 0.64
  8  18 0.62
  8  19 0.67
  8  20 0.65
  8  21 0.49
  8  22 0.37
  9   1 0.59
  9   2 0.57
  9   3 0.36
  9   4 0.31
  9   5 0.51
  9   6 0.49
  9   7 0.37
  9   8 0.43
  9   9 1.00
  9  10 0.41
  9  11 0.45
  9  12 0.49
  9  13 0.61
  9  14 0.53
  9  15 0.51
  9  16 0.32
  9  17 0.59
  9  18 0.55
  9  19 0.45
  9  20 0.49
  9  21 0.44
  9  22 0.66
 10   1 0.35
 10   2 0.43
 10   3 0.57
 10   4 0.65
 10   5 0.65
 10   6 0.63
 10   7 0.45
 10   8 0.63
 10   9 0.41
 10  10 1.00
 10  11 0.61
 10  12 0.45
 10  13 0.54
 10  14 0.50
 10  15 0.51
 10  16 0.69
 10  17 0.65
 10  18 0.57
 10  19 0.73
 10  20 0.69
 10  21 0.51
 10  22 0.36
 11   1 0.30
 11   2 0.51
 11   3 0.46
 11   4 0.49
 11   5 0.61
 11   6 0.70
 11   7 0.52
 11   8 0.65
 11   9 0.45
 11  10 0.61
 11  11 1.00
 11  12 0.67
 11  13 0.63
 11  14 0.60
 11  15 0.54
 11  16 0.56
 11  17 0.64
 11  18 0.67
 11  19 0.64
 11  20 0.59
 11  21 0.61
 11  22 0.39
 12   1 0.35
 12   2 0.51
 12   3 0.47
 12   4 0.33
 12   5 0.61
 12   6 0.58
 12   7 0.48
 12   8 0.55
 12   9 0.49
 12  10 0.45
 12  11 0.67
 12  12 1.00
 12  13 0.54
 12  14 0.66
 12  15 0.46
 12  16 0.43
 12  17 0.62
 12  18 0.61
 12  19 0.57
 12  20 0.56
 12  21 0.56
 12  22 0.47
 13   1 0.44
 13   2 0.57
 13   3 0.41
 13   4 0.54
 13   5 0.55
 13   6 0.71
 13   7 0.61
 13   8 0.61
 13   9 0.61
 13  10 0.54
 13  11 0.63
 13  12 0.54
 13  13 1.00
 13  14 0.66
 13  15 0.66
 13  16 0.48
 13  17 0.65
 13  18 0.65
 13  19 0.57
 13  20 0.50
 13  21 0.56
 13  22 0.52
 14   1 0.52
 14   2 0.49
 14   3 0.55
 14   4 0.34
 14   5 0.63
 14   6 0.56
 14   7 0.54
 14   8 0.55
 14   9 0.53
 14  10 0.50
 14  11 0.60
 14  12 0.66
 14  13 0.66
 14  14 1.00
 14  15 0.61
 14  16 0.35
 14  17 0.66
 14  18 0.60
 14  19 0.50
 14  20 0.50
 14  21 0.60
 14  22 0.53
 15   1 0.44
 15   2 0.56
 15   3 0.35
 15   4 0.41
 15   5 0.47
 15   6 0.64
 15   7 0.64
 15   8 0.61
 15   9 0.51
 15  10 0.51
 15  11 0.54
 15  12 0.46
 15  13 0.66
 15  14 0.61
 15  15 1.00
 15  16 0.37
 15  17 0.60
 15  18 0.56
 15  19 0.50
 15  20 0.46
 15  21 0.49
 15  22 0.51
 16   1 0.24
 16   2 0.38
 16   3 0.44
 16   4 0.62
 16   5 0.50
 16   6 0.56
 16   7 0.38
 16   8 0.55
 16   9 0.32
 16  10 0.69
 16  11 0.56
 16  12 0.43
 16  13 0.48
 16  14 0.35
 16  15 0.37
 16  16 1.00
 16  17 0.53
 16  18 0.56
 16  19 0.70
 16  20 0.66
 16  21 0.43
 16  22 0.29
 17   1 0.58
 17   2 0.55
 17   3 0.53
 17   4 0.47
 17   5 0.66
 17   6 0.61
 17   7 0.49
 17   8 0.64
 17   9 0.59
 17  10 0.65
 17  11 0.64
 17  12 0.62
 17  13 0.65
 17  14 0.66
 17  15 0.60
 17  16 0.53
 17  17 1.00
 17  18 0.66
 17  19 0.67
 17  20 0.62
 17  21 0.57
 17  22 0.58
 18   1 0.42
 18   2 0.58
 18   3 0.46
 18   4 0.46
 18   5 0.64
 18   6 0.63
 18   7 0.49
 18   8 0.62
 18   9 0.55
 18  10 0.57
 18  11 0.67
 18  12 0.61
 18  13 0.65
 18  14 0.60
 18  15 0.56
 18  16 0.56
 18  17 0.66
 18  18 1.00
 18  19 0.62
 18  20 0.58
 18  21 0.59
 18  22 0.47
 19   1 0.35
 19   2 0.44
 19   3 0.45
 19   4 0.61
 19   5 0.65
 19   6 0.73
 19   7 0.50
 19   8 0.67
 19   9 0.45
 19  10 0.73
 19  11 0.64
 19  12 0.57
 19  13 0.57
 19  14 0.50
 19  15 0.50
 19  16 0.70
 19  17 0.67
 19  18 0.62
 19  19 1.00
 19  20 0.76
 19  21 0.47
 19  22 0.40
 20   1 0.35
 20   2 0.42
 20   3 0.56
 20   4 0.56
 20   5 0.70
 20   6 0.65
 20   7 0.43
 20   8 0.65
 20   9 0.49
 20  10 0.69
 20  11 0.59
 20  12 0.56
 20  13 0.50
 20  14 0.50
 20  15 0.46
 20  16 0.66
 20  17 0.62
 20  18 0.58
 20  19 0.76
 20  20 1.00
 20  21 0.44
 20  22 0.33
 21   1 0.48
 21   2 0.54
 21   3 0.47
 21   4 0.45
 21   5 0.60
 21   6 0.44
 21   7 0.47
 21   8 0.49
 21   9 0.44
 21  10 0.51
 21  11 0.61
 21  12 0.56
 21  13 0.56
 21  14 0.60
 21  15 0.49
 21  16 0.43
 21  17 0.57
 21  18 0.59
 21  19 0.47
 21  20 0.44
 21  21 1.00
 21  22 0.50
 22   1 0.60
 22   2 0.48
 22   3 0.34
 22   4 0.23
 22   5 0.44
 22   6 0.42
 22   7 0.32
 22   8 0.37
 22   9 0.66
 22  10 0.36
 22  11 0.39
 22  12 0.47
 22  13 0.52
 22  14 0.53
 22  15 0.51
 22  16 0.29
 22  17 0.58
 22  18 0.47
 22  19 0.40
 22  20 0.33
 22  21 0.50
 22  22 1.00
