  1   1 1.00
  1   2 0.65
  1   3 0.23
  1   4 0.21
  1   5 0.27
  1   6 0.40
  1   7 0.43
  1   8 0.51
  1   9 0.20
  1  10 0.57
  1  11 0.20
  1  12 0.38
  1  13 0.38
  1  14 0.20
  1  15 0.23
  1  16 0.76
  1  17 0.38
  1  18 0.53
  1  19 0.54
  1  20 0.54
  1  21 0.41
  1  22 0.09
  2   1 0.65
  2   2 1.00
  2   3 0.39
  2   4 0.20
  2   5 0.60
  2   6 0.59
  2   7 0.48
  2   8 0.59
  2   9 0.39
  2  10 0.41
  2  11 0.27
  2  12 0.38
  2  13 0.41
  2  14 0.53
  2  15 0.24
  2  16 0.41
  2  17 0.41
  2  18 0.61
  2  19 0.74
  2  20 0.81
  2  21 0.30
  2  22 0.16
  3   1 0.23
  3   2 0.39
  3   3 1.00
  3   4 0.23
  3   5 0.40
  3   6 0.58
  3   7 0.34
  3   8 0.39
  3   9 0.59
  3  10 0.34
  3  11 0.53
  3  12 0.40
  3  13 0.49
  3  14 0.53
  3  15 0.50
  3  16 0.33
  3  17 0.39
  3  18 0.72
  3  19 0.58
  3  20 0.49
  3  21 0.30
  3  22 0.14
  4   1 0.21
  4   2 0.20
  4   3 0.23
  4   4 1.00
  4   5 0.28
  4   6 0.45
  4   7 0.26
  4   8 0.39
  4   9 0.12
  4  10 0.42
  4  11 0.37
  4  12 0.56
  4  13 0.46
  4  14 0.34
  4  15 0.40
  4  16 0.42
  4  17 0.64
  4  18 0.31
  4  19 0.43
  4  20 0.33
  4  21 0.32
  4  22 0.07
  5   1 0.27
  5   2 0.60
  5   3 0.40
  5   4 0.28
  5   5 1.00
  5   6 0.69
  5   7 0.49
  5   8 0.66
  5   9 0.43
  5  10 0.38
  5  11 0.56
  5  12 0.50
  5  13 0.66
  5  14 0.67
  5  15 0.60
  5  16 0.23
  5  17 0.45
  5  18 0.53
  5  19 0.63
  5  20 0.68
  5  21 0.50
  5  22 0.28
  6   1 0.40
  6   2 0.59
  6   3 0.58
  6   4 0.45
  6   5 0.69
  6   6 1.00
  6   7 0.66
  6   8 0.76
  6   9 0.43
  6  10 0.56
  6  11 0.57
  6  12 0.70
  6  13 0.76
  6  14 0.70
  6  15 0.58
  6  16 0.44
  6  17 0.70
  6  18 0.70
  6  19 0.86
  6  20 0.83
  6  21 0.48
  6  22 0.25
  7   1 0.43
  7   2 0.48
  7   3 0.34
  7   4 0.26
  7   5 0.49
  7   6 0.66
  7   7 1.00
  7   8 0.72
  7   9 0.18
  7  10 0.44
  7  11 0.38
  7  12 0.65
  7  13 0.51
  7  14 0.51
  7  15 0.37
  7  16 0.35
  7  17 0.45
  7  18 0.52
  7  19 0.76
  7  20 0.65
  7  21 0.42
  7  22 0.26
  8   1 0.51
  8   2 0.59
  8   3 0.39
  8   4 0.39
  8   5 0.66
  8   6 0.76
  8   7 0.72
  8   8 1.00
  8   9 0.38
  8  10 0.57
  8  11 0.53
  8  12 0.66
  8  13 0.76
  8  14 0.58
  8  15 0.57
  8  16 0.44
  8  17 0.57
  8  18 0.61
  8  19 0.75
  8  20 0.71
  8  21 0.49
  8  22 0.25
  9   1 0.20
  9   2 0.39
  9   3 0.59
  9   4 0.12
  9   5 0.43
  9   6 0.43
  9   7 0.18
  9   8 0.38
  9   9 1.00
  9  10 0.22
  9  11 0.32
  9  12 0.18
  9  13 0.39
  9  14 0.50
  9  15 0.44
  9  16 0.14
  9  17 0.29
  9  18 0.39
  9  19 0.41
  9  20 0.43
  9  21 0.25
  9  22 0.14
 10   1 0.57
 10   2 0.41
 10   3 0.34
 10   4 0.42
 10   5 0.38
 10   6 0.56
 10   7 0.44
 10   8 0.57
 10   9 0.22
 10  10 1.00
 10  11 0.41
 10  12 0.57
 10  13 0.66
 10  14 0.48
 10  15 0.40
 10  16 0.73
 10  17 0.64
 10  18 0.58
 10  19 0.58
 10  20 0.54
 10  21 0.46
 10  22 0.11
 11   1 0.20
 11   2 0.27
 11   3 0.53
 11   4 0.37
 11   5 0.56
 11   6 0.57
 11   7 0.38
 11   8 0.53
 11   9 0.32
 11  10 0.41
 11  11 1.00
 11  12 0.60
 11  13 0.71
 11  14 0.59
 11  15 0.76
 11  16 0.36
 11  17 0.60
 11  18 0.60
 11  19 0.55
 11  20 0.48
 11  21 0.47
 11  22 0.20
 12   1 0.38
 12   2 0.38
 12   3 0.40
 12   4 0.56
 12   5 0.50
 12   6 0.70
 12   7 0.65
 12   8 0.66
 12   9 0.18
 12  10 0.57
 12  11 0.60
 12  12 1.00
 12  13 0.69
 12  14 0.63
 12  15 0.57
 12  16 0.52
 12  17 0.75
 12  18 0.52
 12  19 0.73
 12  20 0.59
 12  21 0.48
 12  22 0.19
 13   1 0.38
 13   2 0.41
 13   3 0.49
 13   4 0.46
 13   5 0.66
 13   6 0.76
 13   7 0.51
 13   8 0.76
 13   9 0.39
 13  10 0.66
 13  11 0.71
 13  12 0.69
 13  13 1.00
 13  14 0.65
 13  15 0.78
 13  16 0.51
 13  17 0.75
 13  18 0.68
 13  19 0.68
 13  20 0.65
 13  21 0.57
 13  22 0.20
 14   1 0.20
 14   2 0.53
 14   3 0.53
 14   4 0.34
 14   5 0.67
 14   6 0.70
 14   7 0.51
 14   8 0.58
 14   9 0.50
 14  10 0.48
 14  11 0.59
 14  12 0.63
 14  13 0.65
 14  14 1.00
 14  15 0.54
 14  16 0.23
 14  17 0.60
 14  18 0.62
 14  19 0.72
 14  20 0.72
 14  21 0.47
 14  22 0.23
 15   1 0.23
 15   2 0.24
 15   3 0.50
 15   4 0.40
 15   5 0.60
 15   6 0.58
 15   7 0.37
 15   8 0.57
 15   9 0.44
 15  10 0.40
 15  11 0.76
 15  12 0.57
 15  13 0.78
 15  14 0.54
 15  15 1.00
 15  16 0.35
 15  17 0.61
 15  18 0.52
 15  19 0.56
 15  20 0.45
 15  21 0.58
 15  22 0.23
 16   1 0.76
 16   2 0.41
 16   3 0.33
 16   4 0.42
 16   5 0.23
 16   6 0.44
 16   7 0.35
 16   8 0.44
 16   9 0.14
 16  10 0.73
 16  11 0.36
 16  12 0.52
 16  13 0.51
 16  14 0.23
 16  15 0.35
 16  16 1.00
 16  17 0.57
 16  18 0.53
 16  19 0.51
 16  20 0.46
 16  21 0.37
 16  22 0.05
 17   1 0.38
 17   2 0.41
 17   3 0.39
 17   4 0.64
 17   5 0.45
 17   6 0.70
 17   7 0.45
 17   8 0.57
 17   9 0.29
 17  10 0.64
 17  11 0.60
 17  12 0.75
 17  13 0.75
 17  14 0.60
 17  15 0.61
 17  16 0.57
 17  17 1.00
 17  18 0.52
 17  19 0.69
 17  20 0.59
 17  21 0.43
 17  22 0.13
 18   1 0.53
 18   2 0.61
 18   3 0.72
 18   4 0.31
 18   5 0.53
 18   6 0.70
 18   7 0.52
 18   8 0.61
 18   9 0.39
 18  10 0.58
 18  11 0.60
 18  12 0.52
 18  13 0.68
 18  14 0.62
 18  15 0.52
 18  16 0.53
 18  17 0.52
 18  18 1.00
 18  19 0.73
 18  20 0.76
 18  21 0.53
 18  22 0.18
 19   1 0.54
 19   2 0.74
 19   3 0.58
 19   4 0.43
 19   5 0.63
 19   6 0.86
 19   7 0.76
 19   8 0.75
 19   9 0.41
 19  10 0.58
 19  11 0.55
 19  12 0.73
 19  13 0.68
 19  14 0.72
 19  15 0.56
 19  16 0.51
 19  17 0.69
 19  18 0.73
 19  19 1.00
 19  20 0.90
 19  21 0.44
 19  22 0.24
 20   1 0.54
 20   2 0.81
 20   3 0.49
 20   4 0.33
 20   5 0.68
 20   6 0.83
 20   7 0.65
 20   8 0.71
 20   9 0.43
 20  10 0.54
 20  11 0.48
 20  12 0.59
 20  13 0.65
 20  14 0.72
 20  15 0.45
 20  16 0.46
 20  17 0.59
 20  18 0.76
 20  19 0.90
 20  20 1.00
 20  21 0.40
 20  22 0.23
 21   1 0.41
 21   2 0.30
 21   3 0.30
 21   4 0.32
 21   5 0.50
 21   6 0.48
 21   7 0.42
 21   8 0.49
 21   9 0.25
 21  10 0.46
 21  11 0.47
 21  12 0.48
 21  13 0.57
 21  14 0.47
 21  15 0.58
 21  16 0.37
 21  17 0.43
 21  18 0.53
 21  19 0.44
 21  20 0.40
 21  21 1.00
 21  22 0.24
 22   1 0.09
 22   2 0.16
 22   3 0.14
 22   4 0.07
 22   5 0.28
 22   6 0.25
 22   7 0.26
 22   8 0.25
 22   9 0.14
 22  10 0.11
 22  11 0.20
 22  12 0.19
 22  13 0.20
 22  14 0.23
 22  15 0.23
 22  16 0.05
 22  17 0.13
 22  18 0.18
 22  19 0.24
 22  20 0.23
 22  21 0.24
 22  22 1.00
