  1   1 1.00
  1   2 0.68
  1   3 0.60
  1   4 0.47
  1   5 0.49
  1   6 0.33
  1   7 0.37
  1   8 0.38
  1   9 0.53
  1  10 0.47
  1  11 0.28
  1  12 0.44
  1  13 0.64
  1  14 0.36
  1  15 0.51
  1  16 0.35
  1  17 0.18
  1  18 0.25
  1  19 0.49
  1  20 0.48
  1  21 0.46
  1  22 0.43
  2   1 0.68
  2   2 1.00
  2   3 0.46
  2   4 0.60
  2   5 0.75
  2   6 0.34
  2   7 0.38
  2   8 0.47
  2   9 0.51
  2  10 0.51
  2  11 0.44
  2  12 0.60
  2  13 0.63
  2  14 0.41
  2  15 0.61
  2  16 0.35
  2  17 0.30
  2  18 0.21
  2  19 0.56
  2  20 0.55
  2  21 0.53
  2  22 0.41
  3   1 0.60
  3   2 0.46
  3   3 1.00
  3   4 0.43
  3   5 0.33
  3   6 0.18
  3   7 0.26
  3   8 0.27
  3   9 0.61
  3  10 0.47
  3  11 0.20
  3  12 0.25
  3  13 0.60
  3  14 0.37
  3  15 0.56
  3  16 0.26
  3  17 0.14
  3  18 0.26
  3  19 0.34
  3  20 0.32
  3  21 0.35
  3  22 0.54
  4   1 0.47
  4   2 0.60
  4   3 0.43
  4   4 1.00
  4   5 0.52
  4   6 0.38
  4   7 0.39
  4   8 0.47
  4   9 0.51
  4  10 0.43
  4  11 0.46
  4  12 0.58
  4  13 0.47
  4  14 0.34
  4  15 0.42
  4  16 0.40
  4  17 0.22
  4  18 0.33
  4  19 0.57
  4  20 0.59
  4  21 0.45
  4  22 0.47
  5   1 0.49
  5   2 0.75
  5   3 0.33
  5   4 0.52
  5   5 1.00
  5   6 0.38
  5   7 0.43
  5   8 0.48
  5   9 0.44
  5  10 0.60
  5  11 0.57
  5  12 0.67
  5  13 0.57
  5  14 0.48
  5  15 0.62
  5  16 0.38
  5  17 0.42
  5  18 0.26
  5  19 0.61
  5  20 0.55
  5  21 0.64
  5  22 0.40
  6   1 0.33
  6   2 0.34
  6   3 0.18
  6   4 0.38
  6   5 0.38
  6   6 1.00
  6   7 0.42
  6   8 0.79
  6   9 0.25
  6  10 0.32
  6  11 0.49
  6  12 0.65
  6  13 0.30
  6  14 0.31
  6  15 0.24
  6  16 0.69
  6  17 0.46
  6  18 0.37
  6  19 0.46
  6  20 0.37
  6  21 0.53
  6  22 0.37
  7   1 0.37
  7   2 0.38
  7   3 0.26
  7   4 0.39
  7   5 0.43
  7   6 0.42
  7   7 1.00
  7   8 0.42
  7   9 0.29
  7  10 0.62
  7  11 0.56
  7  12 0.63
  7  13 0.40
  7  14 0.35
  7  15 0.36
  7  16 0.55
  7  17 0.53
  7  18 0.68
  7  19 0.71
  7  20 0.52
  7  21 0.69
  7  22 0.45
  8   1 0.38
  8   2 0.47
  8   3 0.27
  8   4 0.47
  8   5 0.48
  8   6 0.79
  8   7 0.42
  8   8 1.00
  8   9 0.26
  8  10 0.41
  8  11 0.48
  8  12 0.70
  8  13 0.36
  8  14 0.26
  8  15 0.32
  8  16 0.65
  8  17 0.42
  8  18 0.24
  8  19 0.49
  8  20 0.42
  8  21 0.55
  8  22 0.36
  9   1 0.53
  9   2 0.51
  9   3 0.61
  9   4 0.51
  9   5 0.44
  9   6 0.25
  9   7 0.29
  9   8 0.26
  9   9 1.00
  9  10 0.50
  9  11 0.42
  9  12 0.39
  9  13 0.65
  9  14 0.58
  9  15 0.58
  9  16 0.20
  9  17 0.17
  9  18 0.34
  9  19 0.44
  9  20 0.46
  9  21 0.45
  9  22 0.71
 10   1 0.47
 10   2 0.51
 10   3 0.47
 10   4 0.43
 10   5 0.60
 10   6 0.32
 10   7 0.62
 10   8 0.41
 10   9 0.50
 10  10 1.00
 10  11 0.58
 10  12 0.62
 10  13 0.61
 10  14 0.56
 10  15 0.64
 10  16 0.39
 10  17 0.44
 10  18 0.48
 10  19 0.65
 10  20 0.58
 10  21 0.70
 10  22 0.65
 11   1 0.28
 11   2 0.44
 11   3 0.20
 11   4 0.46
 11   5 0.57
 11   6 0.49
 11   7 0.56
 11   8 0.48
 11   9 0.42
 11  10 0.58
 11  11 1.00
 11  12 0.67
 11  13 0.44
 11  14 0.53
 11  15 0.42
 11  16 0.44
 11  17 0.69
 11  18 0.51
 11  19 0.70
 11  20 0.53
 11  21 0.64
 11  22 0.47
 12   1 0.44
 12   2 0.60
 12   3 0.25
 12   4 0.58
 12   5 0.67
 12   6 0.65
 12   7 0.63
 12   8 0.70
 12   9 0.39
 12  10 0.62
 12  11 0.67
 12  12 1.00
 12  13 0.46
 12  14 0.46
 12  15 0.45
 12  16 0.57
 12  17 0.55
 12  18 0.44
 12  19 0.72
 12  20 0.58
 12  21 0.70
 12  22 0.51
 13   1 0.64
 13   2 0.63
 13   3 0.60
 13   4 0.47
 13   5 0.57
 13   6 0.30
 13   7 0.40
 13   8 0.36
 13   9 0.65
 13  10 0.61
 13  11 0.44
 13  12 0.46
 13  13 1.00
 13  14 0.56
 13  15 0.59
 13  16 0.33
 13  17 0.26
 13  18 0.40
 13  19 0.57
 13  20 0.46
 13  21 0.61
 13  22 0.66
 14   1 0.36
 14   2 0.41
 14   3 0.37
 14   4 0.34
 14   5 0.48
 14   6 0.31
 14   7 0.35
 14   8 0.26
 14   9 0.58
 14  10 0.56
 14  11 0.53
 14  12 0.46
 14  13 0.56
 14  14 1.00
 14  15 0.47
 14  16 0.19
 14  17 0.28
 14  18 0.43
 14  19 0.48
 14  20 0.46
 14  21 0.59
 14  22 0.61
 15   1 0.51
 15   2 0.61
 15   3 0.56
 15   4 0.42
 15   5 0.62
 15   6 0.24
 15   7 0.36
 15   8 0.32
 15   9 0.58
 15  10 0.64
 15  11 0.42
 15  12 0.45
 15  13 0.59
 15  14 0.47
 15  15 1.00
 15  16 0.32
 15  17 0.31
 15  18 0.31
 15  19 0.54
 15  20 0.45
 15  21 0.51
 15  22 0.58
 16   1 0.35
 16   2 0.35
 16   3 0.26
 16   4 0.40
 16   5 0.38
 16   6 0.69
 16   7 0.55
 16   8 0.65
 16   9 0.20
 16  10 0.39
 16  11 0.44
 16  12 0.57
 16  13 0.33
 16  14 0.19
 16  15 0.32
 16  16 1.00
 16  17 0.52
 16  18 0.43
 16  19 0.57
 16  20 0.43
 16  21 0.48
 16  22 0.36
 17   1 0.18
 17   2 0.30
 17   3 0.14
 17   4 0.22
 17   5 0.42
 17   6 0.46
 17   7 0.53
 17   8 0.42
 17   9 0.17
 17  10 0.44
 17  11 0.69
 17  12 0.55
 17  13 0.26
 17  14 0.28
 17  15 0.31
 17  16 0.52
 17  17 1.00
 17  18 0.43
 17  19 0.53
 17  20 0.32
 17  21 0.50
 17  22 0.33
 18   1 0.25
 18   2 0.21
 18   3 0.26
 18   4 0.33
 18   5 0.26
 18   6 0.37
 18   7 0.68
 18   8 0.24
 18   9 0.34
 18  10 0.48
 18  11 0.51
 18  12 0.44
 18  13 0.40
 18  14 0.43
 18  15 0.31
 18  16 0.43
 18  17 0.43
 18  18 1.00
 18  19 0.61
 18  20 0.31
 18  21 0.59
 18  22 0.55
 19   1 0.49
 19   2 0.56
 19   3 0.34
 19   4 0.57
 19   5 0.61
 19   6 0.46
 19   7 0.71
 19   8 0.49
 19   9 0.44
 19  10 0.65
 19  11 0.70
 19  12 0.72
 19  13 0.57
 19  14 0.48
 19  15 0.54
 19  16 0.57
 19  17 0.53
 19  18 0.61
 19  19 1.00
 19  20 0.67
 19  21 0.68
 19  22 0.56
 20   1 0.48
 20   2 0.55
 20   3 0.32
 20   4 0.59
 20   5 0.55
 20   6 0.37
 20   7 0.52
 20   8 0.42
 20   9 0.46
 20  10 0.58
 20  11 0.53
 20  12 0.58
 20  13 0.46
 20  14 0.46
 20  15 0.45
 20  16 0.43
 20  17 0.32
 20  18 0.31
 20  19 0.67
 20  20 1.00
 20  21 0.54
 20  22 0.43
 21   1 0.46
 21   2 0.53
 21   3 0.35
 21   4 0.45
 21   5 0.64
 21   6 0.53
 21   7 0.69
 21   8 0.55
 21   9 0.45
 21  10 0.70
 21  11 0.64
 21  12 0.70
 21  13 0.61
 21  14 0.59
 21  15 0.51
 21  16 0.48
 21  17 0.50
 21  18 0.59
 21  19 0.68
 21  20 0.54
 21  21 1.00
 21  22 0.57
 22   1 0.43
 22   2 0.41
 22   3 0.54
 22   4 0.47
 22   5 0.40
 22   6 0.37
 22   7 0.45
 22   8 0.36
 22   9 0.71
 22  10 0.65
 22  11 0.47
 22  12 0.51
 22  13 0.66
 22  14 0.61
 22  15 0.58
 22  16 0.36
 22  17 0.33
 22  18 0.55
 22  19 0.56
 22  20 0.43
 22  21 0.57
 22  22 1.00
