  1   1 1.00
  1   2 0.49
  1   3 0.46
  1   4 0.17
  1   5 0.43
  1   6 0.47
  1   7 0.41
  1   8 0.35
  1   9 0.46
  1  10 0.18
  1  11 0.47
  1  12 0.46
  1  13 0.61
  1  14 0.39
  1  15 0.27
  1  16 0.37
  1  17 0.55
  1  18 0.21
  1  19 0.38
  1  20 0.40
  1  21 0.54
  1  22 0.49
  2   1 0.49
  2   2 1.00
  2   3 0.35
  2   4 0.25
  2   5 0.33
  2   6 0.32
  2   7 0.23
  2   8 0.30
  2   9 0.23
  2  10 0.10
  2  11 0.23
  2  12 0.37
  2  13 0.46
  2  14 0.21
  2  15 0.32
  2  16 0.30
  2  17 0.44
  2  18 0.14
  2  19 0.17
  2  20 0.12
  2  21 0.70
  2  22 0.53
  3   1 0.46
  3   2 0.35
  3   3 1.00
  3   4 0.14
  3   5 0.49
  3   6 0.55
  3   7 0.44
  3   8 0.39
  3   9 0.50
  3  10 0.24
  3  11 0.47
  3  12 0.51
  3  13 0.44
  3  14 0.56
  3  15 0.39
  3  16 0.57
  3  17 0.49
  3  18 0.31
  3  19 0.61
  3  20 0.33
  3  21 0.42
  3  22 0.54
  4   1 0.17
  4   2 0.25
  4   3 0.14
  4   4 1.00
  4   5 0.21
  4   6 0.28
  4   7 0.28
  4   8 0.38
  4   9 0.11
  4  10 0.15
  4  11 0.12
  4  12 0.10
  4  13 0.21
  4  14 0.10
  4  15 0.31
  4  16 0.18
  4  17 0.24
  4  18 0.19
  4  19 0.09
  4  20 0.03
  4  21 0.22
  4  22 0.20
  5   1 0.43
  5   2 0.33
  5   3 0.49
  5   4 0.21
  5   5 1.00
  5   6 0.49
  5   7 0.46
  5   8 0.38
  5   9 0.38
  5  10 0.31
  5  11 0.49
  5  12 0.39
  5  13 0.34
  5  14 0.34
  5  15 0.45
  5  16 0.30
  5  17 0.41
  5  18 0.29
  5  19 0.38
  5  20 0.29
  5  21 0.32
  5  22 0.44
  6   1 0.47
  6   2 0.32
  6   3 0.55
  6   4 0.28
  6   5 0.49
  6   6 1.00
  6   7 0.61
  6   8 0.48
  6   9 0.45
  6  10 0.36
  6  11 0.60
  6  12 0.59
  6  13 0.45
  6  14 0.52
  6  15 0.49
  6  16 0.54
  6  17 0.56
  6  18 0.49
  6  19 0.54
  6  20 0.46
  6  21 0.39
  6  22 0.56
  7   1 0.41
  7   2 0.23
  7   3 0.44
  7   4 0.28
  7   5 0.46
  7   6 0.61
  7   7 1.00
  7   8 0.40
  7   9 0.40
  7  10 0.29
  7  11 0.53
  7  12 0.51
  7  13 0.46
  7  14 0.41
  7  15 0.47
  7  16 0.45
  7  17 0.48
  7  18 0.43
  7  19 0.46
  7  20 0.40
  7  21 0.35
  7  22 0.56
  8   1 0.35
  8   2 0.30
  8   3 0.39
  8   4 0.38
  8   5 0.38
  8   6 0.48
  8   7 0.40
  8   8 1.00
  8   9 0.37
  8  10 0.41
  8  11 0.25
  8  12 0.33
  8  13 0.40
  8  14 0.39
  8  15 0.51
  8  16 0.42
  8  17 0.42
  8  18 0.41
  8  19 0.35
  8  20 0.28
  8  21 0.33
  8  22 0.46
  9   1 0.46
  9   2 0.23
  9   3 0.50
  9   4 0.11
  9   5 0.38
  9   6 0.45
  9   7 0.40
  9   8 0.37
  9   9 1.00
  9  10 0.35
  9  11 0.33
  9  12 0.40
  9  13 0.45
  9  14 0.48
  9  15 0.35
  9  16 0.54
  9  17 0.47
  9  18 0.37
  9  19 0.63
  9  20 0.47
  9  21 0.33
  9  22 0.45
 10   1 0.18
 10   2 0.10
 10   3 0.24
 10   4 0.15
 10   5 0.31
 10   6 0.36
 10   7 0.29
 10   8 0.41
 10   9 0.35
 10  10 1.00
 10  11 0.26
 10  12 0.26
 10  13 0.27
 10  14 0.40
 10  15 0.49
 10  16 0.37
 10  17 0.28
 10  18 0.52
 10  19 0.43
 10  20 0.20
 10  21 0.14
 10  22 0.42
 11   1 0.47
 11   2 0.23
 11   3 0.47
 11   4 0.12
 11   5 0.49
 11   6 0.60
 11   7 0.53
 11   8 0.25
 11   9 0.33
 11  10 0.26
 11  11 1.00
 11  12 0.64
 11  13 0.35
 11  14 0.41
 11  15 0.43
 11  16 0.40
 11  17 0.49
 11  18 0.35
 11  19 0.48
 11  20 0.39
 11  21 0.32
 11  22 0.47
 12   1 0.46
 12   2 0.37
 12   3 0.51
 12   4 0.10
 12   5 0.39
 12   6 0.59
 12   7 0.51
 12   8 0.33
 12   9 0.40
 12  10 0.26
 12  11 0.64
 12  12 1.00
 12  13 0.55
 12  14 0.37
 12  15 0.42
 12  16 0.43
 12  17 0.49
 12  18 0.36
 12  19 0.46
 12  20 0.45
 12  21 0.55
 12  22 0.57
 13   1 0.61
 13   2 0.46
 13   3 0.44
 13   4 0.21
 13   5 0.34
 13   6 0.45
 13   7 0.46
 13   8 0.40
 13   9 0.45
 13  10 0.27
 13  11 0.35
 13  12 0.55
 13  13 1.00
 13  14 0.40
 13  15 0.32
 13  16 0.44
 13  17 0.53
 13  18 0.36
 13  19 0.37
 13  20 0.31
 13  21 0.60
 13  22 0.61
 14   1 0.39
 14   2 0.21
 14   3 0.56
 14   4 0.10
 14   5 0.34
 14   6 0.52
 14   7 0.41
 14   8 0.39
 14   9 0.48
 14  10 0.40
 14  11 0.41
 14  12 0.37
 14  13 0.40
 14  14 1.00
 14  15 0.42
 14  16 0.66
 14  17 0.51
 14  18 0.47
 14  19 0.67
 14  20 0.37
 14  21 0.31
 14  22 0.55
 15   1 0.27
 15   2 0.32
 15   3 0.39
 15   4 0.31
 15   5 0.45
 15   6 0.49
 15   7 0.47
 15   8 0.51
 15   9 0.35
 15  10 0.49
 15  11 0.43
 15  12 0.42
 15  13 0.32
 15  14 0.42
 15  15 1.00
 15  16 0.40
 15  17 0.41
 15  18 0.56
 15  19 0.42
 15  20 0.25
 15  21 0.32
 15  22 0.52
 16   1 0.37
 16   2 0.30
 16   3 0.57
 16   4 0.18
 16   5 0.30
 16   6 0.54
 16   7 0.45
 16   8 0.42
 16   9 0.54
 16  10 0.37
 16  11 0.40
 16  12 0.43
 16  13 0.44
 16  14 0.66
 16  15 0.40
 16  16 1.00
 16  17 0.55
 16  18 0.55
 16  19 0.68
 16  20 0.35
 16  21 0.42
 16  22 0.58
 17   1 0.55
 17   2 0.44
 17   3 0.49
 17   4 0.24
 17   5 0.41
 17   6 0.56
 17   7 0.48
 17   8 0.42
 17   9 0.47
 17  10 0.28
 17  11 0.49
 17  12 0.49
 17  13 0.53
 17  14 0.51
 17  15 0.41
 17  16 0.55
 17  17 1.00
 17  18 0.31
 17  19 0.57
 17  20 0.38
 17  21 0.58
 17  22 0.67
 18   1 0.21
 18   2 0.14
 18   3 0.31
 18   4 0.19
 18   5 0.29
 18   6 0.49
 18   7 0.43
 18   8 0.41
 18   9 0.37
 18  10 0.52
 18  11 0.35
 18  12 0.36
 18  13 0.36
 18  14 0.47
 18  15 0.56
 18  16 0.55
 18  17 0.31
 18  18 1.00
 18  19 0.43
 18  20 0.24
 18  21 0.19
 18  22 0.47
 19   1 0.38
 19   2 0.17
 19   3 0.61
 19   4 0.09
 19   5 0.38
 19   6 0.54
 19   7 0.46
 19   8 0.35
 19   9 0.63
 19  10 0.43
 19  11 0.48
 19  12 0.46
 19  13 0.37
 19  14 0.67
 19  15 0.42
 19  16 0.68
 19  17 0.57
 19  18 0.43
 19  19 1.00
 19  20 0.44
 19  21 0.32
 19  22 0.56
 20   1 0.40
 20   2 0.12
 20   3 0.33
 20   4 0.03
 20   5 0.29
 20   6 0.46
 20   7 0.40
 20   8 0.28
 20   9 0.47
 20  10 0.20
 20  11 0.39
 20  12 0.45
 20  13 0.31
 20  14 0.37
 20  15 0.25
 20  16 0.35
 20  17 0.38
 20  18 0.24
 20  19 0.44
 20  20 1.00
 20  21 0.25
 20  22 0.30
 21   1 0.54
 21   2 0.70
 21   3 0.42
 21   4 0.22
 21   5 0.32
 21   6 0.39
 21   7 0.35
 21   8 0.33
 21   9 0.33
 21  10 0.14
 21  11 0.32
 21  12 0.55
 21  13 0.60
 21  14 0.31
 21  15 0.32
 21  16 0.42
 21  17 0.58
 21  18 0.19
 21  19 0.32
 21  20 0.25
 21  21 1.00
 21  22 0.64
 22   1 0.49
 22   2 0.53
 22   3 0.54
 22   4 0.20
 22   5 0.44
 22   6 0.56
 22   7 0.56
 22   8 0.46
 22   9 0.45
 22  10 0.42
 22  11 0.47
 22  12 0.57
 22  13 0.61
 22  14 0.55
 22  15 0.52
 22  16 0.58
 22  17 0.67
 22  18 0.47
 22  19 0.56
 22  20 0.30
 22  21 0.64
 22  22 1.00
